1001918
1037380
1053627
1063896
1070063
1071428
1084742
1090538
1092386
1093694
1093695
1093696
1093791
1093792
1093793
1093794
1093795
1093796
1093798
1093799
1093800
1093801
1093802
1093803
1093804
1093805
1093806
1093807
1093808
1093809
1093810
1093811
1093812
1093813
1093814
1093815
1093818
1093819
1093820
1093821
1093822
1093823
1093824
1093825
1093827
1093828
1093829
1093830
1093832
1093835
1093836
1093837
1093839
1093840
1093842
1093843
1093844
1093845
1093846
1093848
1093849
1094469
1094470
1094485
1094488
1094503
1094504
1094505
1094518
1094522
1094537
1094538
1094539
1094584
1094585
1094586
1094587
1094588
1094589
1094640
1094641
1094642
1094643
1094644
1094645
1094646
1094647
1094648
1094649
1094690
1094691
1094692
1094693
1094694
1094695
1094696
1094697
1094698
1094700
1094726
1094727
1094728
1094729
1094775
1094835
1094860
1094870
1094872
1094873
1094875
1094877
1094878
1094879
1094880
1094881
1094883
1094884
1094886
1094887
1094888
1094889
1094890
1094911
1094912
1094913
1094914
1094915
1094916
1094917
1094918
1094919
1094920
1094921
1094922
1095293
1095297
1095860
1095861
1095862
1095863
1095864
1095865
1095866
1095867
1095868
1095869
1096668
1098581
1098582
1098583
1098784
1098796
1098829
1098876
1099606
1099627
1099640
1099649
1100326
1116374
1116439
1116440
1117661
1117779
1117780
1118270
1118271
1118272
1119168
1121467
1121963
1122657
1123558
1134810
1136937
1141288
1144921
1144922
1148261
1148262
1148263
1148265
1148266
1148267
1148303
1151129
1153206
1153207
1153208
1153816
1155263
1155767
1155913
1155914
1155915
1155916
1155917
1155918
1155919
1155920
1155921
1155922
1170792
1171034
1171920
1173454
1173468
1173469
1173470
1174198
1174199
1175769
1175771
1176207
1176252
1176253
1176284
1176322
1176323
1176324
1176325
1176326
1176327
1176328
1176329
1176330
1176331
1176332
1176333
1176334
1176335
1176336
1176337
1176338
1176339
1176340
1176341
1176342
1176343
1176344
1176345
1176346
1176347
1176348
1176349
1176350
1176351
1176352
1176353
1176354
1176355
1176356
1176357
1176358
1176359
1176360
1176361
1176362
1176363
1176364
1176365
1176366
1176367
1176368
1176369
1176370
1176371
1176372
1176373
1176374
1176375
1176376
1176377
1176378
1176379
1176380
1176381
1176382
1176383
1176384
1176385
1176386
1176555
1177555
1177570
1177571
1177572
1177590
1177591
1177592
1177593
1177594
1177595
1180118
1180119
1180342
1180492
1180511
1180712
1180720
1180722
1180734
1180735
1180749
1180750
1180769
1180770
1180772
1180784
1180806
1180811
1180831
1180832
1180833
1180842
1180860
1180873
1180874
1180941
1180961
1180965
1180970
1180995
1180998
1181005
1181006
1181116
1181126
1181128
1181130
1181131
1181132
1181133
1181134
1181135
1181137
1181138
1181139
1181144
1181376
1181398
1181418
1181419
1181460
1181463
1181475
1181476
1181480
1181482
1181483
1181486
1181497
1181505
1181511
1181512
1181538
1181546
1181556
1183272
1183417
1183418
1183427
1183438
1183453
1183456
1183442
1186351
1186352
1186354
1188461
1188475
1188503
1188504
1188506
1188519
1188521
1188537
1188538
1188543
1188551
1188553
1188558
1188565
1188567
1188573
1188592
1188620
1188669
1188680
1188704
1188733
1188738
1188739
1188758
1188759
1188757
1188764
1188782
1188818
1188835
1188842
1188843
1188845
1188870
1188872
1188877
1188878
1188882
1188869
1188883
1188884
1188889
1188891
1188897
1188903
1188915
1188928
1188954
1188957
1188959
1188962
1188975
1188985
1188988
1189004
1189008
1189015
1189032
1189036
1189039
1189050
1189058
1189076
1189088
1189095
1189106
1189107
1189108
1189734
1189742
1190835
1191567
1191781
1192092
1192118