1100223
1100294
1100329
1100668
1100908
1100918
1101095
1101240
1101516
1101520
1101713
1101732
1102036
1102103
1102225
1102386
1102460
1102632
1102708
1102881
1103009
1103289
1103539
1103757
1103790
1103894
1104138
1104656
1104865
1104897
1104978
1107043
1107508
1107923
1109675
1109831
1110667
1111131
1112829
1112971
1113156
1113174
1113579
1115130
1115761
1115985
1116506
1117649
1117718
1117719
1117721
1117730
1117733
1117734
1117768
1117840
1118261
1118314
1118320
1118322
1118324
1118345
1118348
1118371
1119267
1119499
1119566
1119599
1119619
1119688
1119748
1119891
1120690
1120911
1120912
1120938
1120970
1122149
1122154
1122156
1122170
1122185
1122186
1122294
1122307
1123264
1123304
1123316
1123319
1128371
1134381
1138591
1144953
1151131
1152298
1155704
1155719
1155722
1155726
1155737
1158765
1158969
1159119
1159568
1176263
1176812
1176840
1178996
1180573
1180695
1180761
1180762
1180810
1181115
1181275
1181294
1181320
1181473
1181535
1181651
1182186
1182559
1186290
