1099518
1100222
1100297
1116375
1117802
1117837
1117845
1117849
1118250
1118350
1118452
1118555
1118556
1118557
1118969
1119185
1119186
1119202
1121879
1122211
1122288
1123320
1128324
1130616
1133460
1133461
1134804
1138561
1141325
1149959
1150901
1155985
1157337
1158218
1158246
1158247
1158258
1158270
1158273
1158282
1158286
1158287
1158302
1158310
1158588
1158685
1158690
1158751
1158791
1158797
1158854
1158877
1158936
1158960
1159013
1159176
1159202
1159233
1159234
1159247
1159293
1159297
1159338
1159420
1159438
1159469
1159517
1159628
1159663
1159816
1159838
1159987
1160047
1160054
1160058
1160150
1164373
1165246
1170927
1172328
1173584
1178921
1178923
1178925
1178927
1178944
1178946
1178947
1178948
1178949
1178951
1178957
1178959
1178961
1178962
1178965
1178968
1178971
1178973
1178974
1178976
1178978
1178979
1178988
1178990
1178992
1178993
1179005
1179007
1179010
1179011
1179012
1179013
1179025
1179028
1179029
1179032
1179035
1179037
1179042
1179044
1179045
1179047
1179058
1179060
1179063
1179064
1179065
1179069
1179071
1179072
1179078
1179081
1179082
1179084
1179086
1179090
1179092
1179095
1179098
1179106
1179112
1179115
1179117
1179119
1179120
1180424
1188624
