1116441
1118725
1118733
1119229
1119360
1119460
1119718
1120953
1121772
1121940
1121979
1121980
1121981
1121982
1121983
1121984
1121985
1121986
1121987
1121988
1121989
1121990
1121991
1121992
1121993
1121994
1121995
1121996
1121997
1121998
1121999
1122000
1122001
1122002
1122003
1122004
1122005
1122006
1122007
1122008
1122009
1122010
1122011
1122012
1122013
1122014
1122015
1122016
1122017
1122018
1122019
1122020
1122021
1122022
1122023
1122024
1122025
1122026
1122027
1122028
1122179
1122358
1122359
1122360
1122361
1122363
1122364
1130285
1140809
1150660
1150662
1150663
1151100
1151111
1155678
1155679
1155964
1155965
1157169
1160392
1160393
1164127
1164129
1164146
1164389
1164468
1164534
1165134
1173594
1178877
