1072429
1072436
1072450
1072457
1072464
1072471
1072478
1072485
1072492
1072499
1072506
1072513
1072520
1072527
1072548
1072555
1072583
1072590
1072597
1072611
1072618
1072625
1072632
1072646
1072653
1072667
1085064
1085071
1085078
1085092
1085106
1085113
1085127
1085134
1085148
1085169
1085176
1085183
1085197
1085204
1085211
1085225
1085239
1085246
1085260
1085267
1085274
1085288
1085302
1085316
1085323
1085337
1085351
1085358
1085365
1085379
1085407
1085414
1085421
1085428
1085435
1085442
1085449
1085456
1085470
1085477
1085484
1085491
1085498
1085505
1085512
1085519
1085526
1085533
1085540
1085547
1085554
1085561
1085568
1085575
1085582
1085589
1085603
1085610
1085624
1085631
1085638
1085645
1085652
1085659
1085666
1085673
1085680
1085687
1085694
1085708
1085715
1085722
1085729
1085736
1085743
1085750
1085764
1085771
1085778
1085785
1085792
1085813
1085820
1085827
1085834
1085841
1085855
1085862
1085869
1085883
1085890
1085897
1085904
1085911
1085918
1085932
1085939
1085946
1085953
1085960
1085967
1085995
1086016
1086023
1086030
1086037
1086044
1086051
1086058
1086065
1086079
1086100
1086107
1086114
1086121
1086128
1086135
1086142
1086149
1086156
1086163
1086170
1086177
1086184
1086191
1086198
1086205
1086212
1086219
1086226
1086247
1086254
1086261
1086268
1086275
1086282
1086289
1086303
1086310
1086324
1086331
1086338
1086345
1099414
1099607
1099608
1099609
1099610
1099611
1099612
1099614
1099615
1099616
1118266
1120823
1121815
1121816
1121817
1121818
1121819
1122399
1122620
1122621
1123157
1123158
1123159
1123160
1123161
1123162
1123163
1123164
1123165
1123166
1123167
1123168
1123169
1123170
1123171
1127958
1130419
1130420
1130679
1133722
1134765
1137347
1141307
1141308
1141309
1141310
1141311
1141312
1141313
1141314
1141315
1141316
1141317
1141318
1141319
1150547
1150548
1150550
1150551
1150552
1150553
1150554
1150555
1150556
1150557
1150558
1150559
1150560
1150561
1150562
1151662
1151663
1151665
1151666
1151668
1154229
1155777
1157222
1164151
1165200
1174673
1177086
1177087
1177089
1177090
1177091
1177092
1177093
1177094
1177095
1177096
1177097
1177098
1177099
1177100
1177101
1177102
1177103
1177104
1177105
1177106
1177107
1177108
1179613
