1054348
1054355
1054362
1054369
1054376
1054383
1054390
1054397
1054404
1054432
1054439
1054446
1063903
1063910
1063924
1063931
1063945
1063952
1063959
1063966
1063980
1063994
1064015
1064029
1064036
1064043
1064050
1064057
1064071
1064085
1064092
1064099
1064106
1064127
1064134
1064141
1064148
1064155
1064162
1064169
1064183
1064190
1064197
1064204
1064211
1064225
1064232
1064239
1064253
1064260
1064274
1064302
1064309
1064316
1064337
1064358
1064365
1064372
1064379
1064386
1064393
1064400
1064407
1064421
1064428
1064435
1064442
1064449
1064456
1064463
1064470
1064477
1064484
1064491
1064498
1064505
1064512
1064519
1064526
1064533
1064568
1064575
1064603
1064610
1064617
1064624
1064631
1064645
1064666
1064673
1064680
1064687
1064694
1064708
1064722
1064729
1064757
1064764
1064771
1064799
1064806
1064834
1064841
1064848
1064855
1064862
1064869
1064876
1064890
1064904
1064939
1064946
1064960
1064981
1064988
1065016
1065023
1065030
1065044
1065051
1065065
1065072
1065079
1065093
1065107
1065114
1065121
1065128
1065135
1065142
1065156
1065170
1065177
1065184
1065191
1065219
1065226
1065240
1065254
1065261
1086436
1086443
1086450
1086457
1086464
1086478
1086485
1086513
1086541
1086548
1086555
1086569
1086590
1086597
1090580
1093747
1093748
1093760
1093761
1093762
1093772
1093774
1093782
1093784
1095564
1095565
1095566
1095569
1095570
1095571
1095572
1095573
1095574
1095575
1095576
1095577
1095578
1095579
1095580
1095581
1095583
1095584
1095585
1095589
1123147
1123148
1141255
