1171245
1171246
1171247
1171248
1171249
1171250
1171251
1171252
1171253
1171254
1171255
1171256
1171257
1171258
1171259
1171260
1171261
1171262
1171263
1171264
1171265
1171266
1171267
1171276
1171277
1171278
1171279
1171280
1171281
1171282
1171283
1171284
1171285
1171286
1171287
1171288
1171289
1171290
1171291
1171292
1171293
1171294
1171295
1171296
1171297
1171298
1171299
1171300
1171301
1171302
1171303
1171304
1171305
1171306
1171307
1171308
1171309
1171310
1171311
1171312
1171313
1171314
1171315
1171316
1171317
1171318
1171319
1171320
1171321
1171322
1171323
1171324
1171325
1171326
1171327
1171328
1171329
1171330
1171331
1171332
1171333
1171334
1171335
1171336
1171337
1171338
1171339
1171340
1171341
1171342
1171343
1171344
1171345
1171346
1171347
1171348
1171349
1171350
1171351
1171352
1171353
1171354
1171355
1171356
1171357
1171358
1171359
1171360
1171361
1171362
1171363
1171364
1171365
1171366
1171367
1171368
1171369
1171370
1171371
1171372
1171373
1171374
1171375
1171376
1171377
1171378
1171379
1171380
1171381
1171382
1171383
1171384
1171385
1171386
1171387
1171388
1171389
1171390
1171391
1171392
1171393
1171394
1171395
1171396
1171397
1171398
1171399
1171400
1171401
1171402
1171403
1171404
1171405
1171406
1171407
