1040376
1040383
1040390
1040397
1040404
1040411
1040418
1040425
1040432
1040439
1040446
1040453
1040460
1040467
1040474
1040481
1040488
1040495
1040502
1040509
1040516
1040523
1040530
1040537
1040544
1040558
1040565
1040572
1040579
1040586
1040593
1040607
1040614
1040621
1040628
1040635
1040642
1040649
1040656
1040663
1091287
1094865
1095445
1096844
1097421
1097526
1098279
1098978
1099180
1099283
1099285
1099286
1117651
1118299
1118316
1118924
1119482
1119543
1119575
1119624
1120175
1121047
1121067
1121786
1121895
1122366
1122762
1123076
1123101
1123792
1123843
1125243
1125244
1125245
1125246
1125247
1125248
1125901
1126183
1126208
1126281
1126352
1126539
1126782
1126877
1126974
1127348
1127390
1127613
1127624
1127787
1127796
1128028
1128354
1128659
1128705
1129179
1129180
1129542
1129639
1129967
1130211
1130223
1131107
1131373
1131738
1131872
1133960
1134013
1134014
1134266
1134457
1134466
1135005
1135027
1135630
1135784
1135873
1136181
1136254
1136602
1136768
1136769
1137811
1138465
1138662
1138693
1138758
1139442
1139468
1140279
1140280
1140281
1140848
1141626
1144973
1145519
1145569
1146005
1146006
1146711
1146803
1147179
1148112
1149076
1149129
1149630
1149755
1149866
1150534
1150721
1150947
1152432
1154087
1154088
1154089
1154113
1154136
1154204
1154217
1154257
1155949
1156169
1156368
1157182
1157393
1157414
1164820
1164841
1170925
1171029
1177257
1177739
1178637
1178653
1178654
1178655
1178656
1178906
1179172
1179740
1180986
1181631
1181740
1181850
1182655
1182657
1182798
1182799
1183019
1183027
1188864
1204614
