1117809
1117810
1117829
1117833
1118273
1118298
1118300
1118390
1118425
1118427
1118545
1118564
1118813
1118852
1119133
1119471
1119483
1119561
1119580
1119661
1119686
1119732
1119899
1121964
1121969
1122051
1122136
1122137
1122138
1122139
1122452
1122523
1123142
1123143
1123144
1123145
1123146
1123205
1123211
1123214
1123215
1123802
1123838
1124132
1124206
1124236
1124376
1124731
1124888
1124952
1125033
1125145
1125409
1125423
1125435
1125497
1125620
1125704
1125767
1125863
1126028
1126046
1126048
1126136
1126372
1126419
1126471
1126588
1126648
1126649
1126650
1126651
1126678
1126750
1126821
1126841
1126867
1127035
1127083
1127133
1127152
1127246
1127269
1127317
1127324
1127386
1127393
1127476
1127486
1127487
1127490
1127493
1127554
1127601
1127819
1127824
1127862
1128087
1128145
1128157
1128577
1128578
1128783
1128806
1128834
1128835
1129112
1129286
1129548
1129569
1129618
1129716
1129789
1129845
1129864
1129865
1130514
1130845
1130850
1130876
1130886
1130895
1130897
1130917
1130960
1131121
1131233
1131308
1131316
1131457
1131484
1131612
1131615
1131693
1131708
1131757
1131827
1131860
1131869
1131885
1131893
1131993
1131995
1132032
1132121
1132236
1132276
1132666
1133202
1133243
1133839
1133896
1134011
1134709
1134965
1135613
1136027
1136078
1136095
1136096
1136097
1136098
1136455
1137239
1137240
1137988
1138037
1138163
1138231
1138409
1138469
1138652
1138956
1139636
1140298
1140306
1140405
1140643
1141546
1144810
1144948
1145149
1146326
1146552
1146819
1146820
1146847
1146948
1147030
1147505
1147583
1147758
1147903
1147929
1148071
1148072
1148089
1148458
1148532
1148705
1148706
1148750
1149490
1154096
1154243
1154255
1155203
1155884
1155885
1156236
1157240
1157534
1157546
1157729
1165066
1170541
1171609
1171844
1173271
1173419
1173431
1173432
1173518
1173777
1174354
1174692
1175716
1175912
1177007
1177017
1177445
1178238
1179299
1179727
1179766
1180136
1180137
1180262
1180693
1180767
1180957
1180993
1181041
1181209
1181210
1181216
1181252
1181291
1181293
1181297
1181395
1181405
1181408
1181409
1181413
1181537
1181629
1181640
1181663
1181711
1181875
1181878
1181881
1181898
1181989
1181996
1182042
1182089
1182144
1182200
1182201
1182223
1182224
1182258
1182261
1182287
1182319
1182332
1182374
1182375
1182409
1182412
1182442
1182475
1182509
1182515
1182549
1182556
1182557
1182580
1182712
1182713
1182754
1182755
1182756
1182757
1182770
1182785
1182801
1182806
1182814
1182833
1182841
1182852
1182914
1182925
1182926
1182927
1182928
1182929
1182930
1182934
1182935
1182936
1182937
1182938
1182954
1182957
1182958
1182960
1182962
1182987
1182993
1183055
1183071
1183086
1183087
1183088
1183107
1183125
1183216
1183234
1188710
1189686
1189852
1190435
1191632
1191663
1191837
1196545
1198066
1203447
1204706
1205288
1205307
1205434
