1001806
1001813
1001820
1001939
1005740
1007000
1027846
1043778
1043981
1044513
1044520
1044541
1053711
1066605
1066612
1066619
1066626
1066640
1066647
1093706
1097729
1098863
1098864
1099372
1099374
1099658
1116490
1117942
1118743
1122404
1122754
1122755
1123955
1124127
1124261
1124575
1124586
1124842
1125450
1125600
1126540
1126804
1127424
1127609
1128112
1128511
1129062
1130271
1130788
1132190
1135209
1136206
1138994
1139391
1141296
1145831
1147599
1148481
1151171
1152159
1153819
1156471
1157161
1157243
1157256
1157355
1157486
1164924
1174238
1177125
1177162
1179452
1180975
1181268
1182457
1182861
