1128004
1128006
1128008
1128009
1128010
1128011
1128012
1128670
1129242
1129273
1129276
1129656
1129856
1129936
1129973
1130056
1130152
1131058
1131075
1131150
1131239
1131331
1131337
1131426
1131482
1131685
1132280
1132758
1132939
1133157
1133158
1134204
1134440
1134561
1135795
1136427
1137913
1138695
1138754
1138784
1138833
1139156
1139737
1139840
1139945
1140066
1140324
1144808
1146114
1146383
1146754
1147343
1147986
1148047
1149124
1149552
1149593
1150039
1150088
1150483
1150571
1154137
1154138
1154139
1154140
1156000
1156137
1156244
1157331
1157485
1157505
1158207
1164760
1164983
1165048
1165105
1171035
1172276
1174304
1174341
1174493
1176996
1177256
1180405
1180963
1180980
1181812
1181819
1181820
1181821
1181934
1181940
1182018
1182080
1182082
1182249
1182329
1182807
1182848
1190087
1205440
1205451
1206400
