1119554
1119559
1119577
1130705
1130707
1130710
1130714
1132170
1152162
1179733
1122215
1133179
1134705
1155949
1164656
1171078
1172352
1173696
1177739
1178260
1178531
1180107
1188556
1084630
1092225
1092316
1093693
1093699
1093700
1093701
1093704
1093712
1093852
1094048
1094055
1094061
1094072
1094106
1094139
1094151
1094153
1094175
1094471
1094472
1094473
1094483
1094791
1094792
1098995
1119279
1119510
1119586
1119665
1119897
1123233
1124922
1134196
1134231
1138127
1138348
1113393
1117655
1117738
1117745
1117756
1117783
1117785
1117939
1118593
1118968
1119714
1119811
1119864
1119880
1121761
1121778
1122173
1122210
1122314
1122539
1122615
1122712
1122713
1122719
1122720
1122721
1123084
1123262
1123273
1123343
1124437
1125822
1126070
1127806
1129076
1130052
1131298
1133932
1134757
1136977
1137144
1137778
1138550
1138765
1138767
1138854
1139214
1139232
1139260
1139607
1141099
1146411
1147188
1147919
1148308
1148802
1149744
1150524
1156479
1158303
1159441
1159817
1174766
1177521
1177522
1094905
1098476
1099190
1119777
1123052
1123067
1128759
1134786
1138315
1138366
1138369
1138502
1138511
1138513
1138585
1138609
1141110
1153882
1177830
1188686
1118552
1122362
1136093
1132171
1146911
1119486
1098574
1112475
1115467
1119448
1123073
1123581
1188762
1188814
1188833
1188841
