1097130
1097131
1097132
1097133
1097134
1097135
1097136
1097137
1097138
1097139
1097140
1097141
1097142
1097143
1097144
1097145
1097146
1097147
1097148
1097149
1097150
1097151
1097152
1097153
1097154
1097155
1097156
1097157
1097158
1097159
1097160
1097161
1097162
1097163
1097164
1097165
1097166
1097167
1097168
1097169
1097170
1097171
1097172
1097173
1097174
1097175
1097176
1097177
1097178
1097179
1097180
1097181
1097182
1097183
1097184
1097185
1097186
1097187
1097188
1097189
1097190
1097191
1097192
1097193
1097194
1097195
1097196
1097197
1097198
1097199
1097200
1097201
1097202
1097203
1097204
1097205
1097206
1097207
1097208
1097209
1097210
1097211
1097212
1097213
1097214
1097215
1097216
1097217
1097218
1097219
1097220
1097221
1097222
1097223
1097224
1097225
1097226
1097227
1097228
1097229
1097230
1097231
1097232
1097233
1097234
1097235
1097236
1097237
1097238
1097239
1097240
1097241
1097242
1097243
1097244
1097245
1097246
1097247
1097248
1097249
1097250
1097251
1097252
1097253
1097254
1097255
1097256
1097257
1097258
1097259
1097261
1097262
1097263
1097264
1097265
1097266
1097267
1097268
1097269
1097270
1097271
1097272
1097273
1097274
1097275
1097276
1097277
1097278
1097427
1098732
1098733
1098734
1098735
1098736
1098737
1098738
1098740
1098741
1098742
1098743
1098744
1098745
1098746
1098747
1098748
1098749
1098750
1098751
1098752
1098753
1098754
1098755
1098756
1098757
1098758
1098759
1098760
1098761
1098762
1098763
1098764
1098765
1098766
1098767
1098768
1098786
1098872
1098873
1098874
1099034
1099036
1099039
1099040
1099042
1099043
1099044
1099045
1099046
1099047
1099050
1099052
1099054
1099055
1099057
1099058
1099060
1099063
1099064
1099066
1099068
1099069
1099070
1099074
1099075
1099077
1099078
1099079
1099080
1099081
1099087
1099088
1099090
1099091
1099092
1099093
1099094
1099095
1099096
1099098
1099099
1099100
1099102
1099103
1099105
1099106
1099107
1099108
1099109
1099111
1099113
1130252
1151145
1151220
1152129
1152130
1157423
1157424
1157425
1157426
1157427
1157428
1157429
1157430
1157431
1157432
1157433
1157434
1157435
1157436
1157437
1157438
1157439
1157440
1157441
