1152335
1152336
1152337
1152338
1152339
1152340
1152341
1152342
1152343
1152344
1152345
1152346
1152347
1152348
1152349
1152350
1152351
1152353
1152354
1152355
1152356
1152357
1152358
1152359
1152360
1152361
1152362
1152363
1152364
1152365
1152366
1152367
1152368
1152369
1152370
1152371
1152372
1152374
1152375
1152376
1152377
1152378
1152379
1152380
1152381
1152382
1152383
1152384
1152385
1152386
1152387
1152388
1152389
1152390
1152391
1152392
1152393
1152394
1152395
1152396
1152398
1152399
1152400
1152401
1152402
1152403
1152404
1152405
1152406
1152407
1152408
1152409
1152410
1152411
1152412
1152413
1152414
1152415
1152416
1152418
1152419
1152420
1152421
1152422
1152423
1152424
1153181
1153817
1164621
