1183321
1183322
1183323
1183324
1183325
1183326
1183327
1183328
1183329
1183330
1183331
1183332
1183333
1183334
1183335
1183336
1183337
1183338
1183339
1183340
1183341
1183342
1183343
1183344
1183345
1183346
1183347
1183348
1183349
1183350
1183351
1183352
1183353
1183354
1183355
1183356
1183357
1183358
1183359
1183360
1183361
1183362
1183363
1183364
1183365
1183367
1183368
1183369
1183370
1183371
1183372
1183374
1183375
1183376
1183380
1188809
