1171180
1171428
1173903
1177852
1177853
1177854
1177855
1177856
1177857
1177858
1177859
1177860
1177861
1177862
1177863
1177864
1177865
1177866
1177867
1177868
1177869
1177870
1177871
1177872
1177873
1177874
1177875
1177876
1177877
1177878
1177879
1177880
1177881
1177882
1177883
1177884
1177885
1177886
1177887
1177888
1177889
1177890
1177891
1177892
1177893
1177894
1177895
1177896
1177897
1177898
1177899
1177900
1177901
1177902
1177903
1177904
1177905
1177906
1177907
1177908
1177909
1177910
1177911
1177912
1177913
1177914
1177915
1177916
1177917
1177918
1177919
1177920
1177921
1177922
1177923
1177924
1177925
1177926
1177927
1177928
1177929
1177930
1177931
1177932
1177933
1177934
1177935
1177936
1177937
1177938
1177939
1177940
1177941
1177942
1177943
1177944
1177945
1177946
1177947
1177948
1177949
1177950
1177951
1177952
1177953
1177954
1177955
1177956
1177957
1177958
1177959
1177960
1177961
1177962
1177963
1177964
1177965
1177966
1177967
1177968
1177969
1177970
1177971
1177972
1177973
1177974
1177975
1177976
1177977
1177978
1177979
1177980
1177981
1177982
1177983
1177984
1177985
1177986
1177987
1177988
1177989
1177990
1177991
1177992
1177993
1177994
1177995
1177996
1177997
1177998
1177999
1178000
1178001
1178002
1178003
1178004
1178005
1178006
1178007
1178008
1178009
1178010
1178011
1178012
1178013
1178014
1178015
1178016
1178017
1178018
1178019
1178020
1178021
1178022
1178023
1178025
1178026
1178027
1178028
1178029
1178030
1178031
1178032
1178033
1178034
1178035
1178036
1178037
1178038
1178039
1178040
1178041
1178042
1178043
1178044
1178045
1178046
1178047
1178048
1178049
1178050
1178051
1178052
1178053
1178054
1178055
1178056
1178057
1178058
1178059
1178060
1178061
1178062
1178063
1178064
1178065
1178066
1178067
1178068
1178069
1178070
1178071
1178072
1178073
1178074
1178075
1178076
1178077
1178078
1178079
1178080
1178081
1178082
1178083
1178084
1178085
1178086
1178087
1178088
1178089
1178090
1178091
1178092
1178093
1178094
1178095
1178096
1178097
1178098
1178099
1178100
1178101
1178102
1178103
1178104
1178105
1178106
1178107
1178108
1178109
1178110
1178111
1178112
1178113
1178114
1178115
1178116
1178117
1178118
1178119
1178120
1178121
1178122
1178123
1178124
1178125
1178126
1178127
1178128
1178129
1178130
1178131
1178132
1178133
1178134
1178135
1178136
1178137
1178138
1178139
1178140
1178141
1178142
1178143
1178144
1178145
1178146
1178147
1178148
1178149
1178150
1178151
1178152
1178153
1178154
1178155
1178156
1178157
1178158
1178159
1178160
1178161
1178162
1178163
1178164
1178165
1178166
1178167
1178168
1178169
1178170
1178171
1178172
1178173
1178174
1178175
1178176
1178177
1178178
1178179
1178180
1178181
1178182
1178183
1178184
1178185
1178186
1178187
1178188
1178189
1178190
1178191
1178192
1178193
1178194
1178195
1178196
1178197
1178198
1178199
1178200
1178201
1178202
1178203
1178204
1178205
1178206
1178207
1178208
1178209
1178210
1178211
1178212
1178213
1178214
1178215
1178216
1178217
1178218
1178219
1178220
1178221
1178222
1179618
1180417
1181080
1188610
