1124224
1124352
1124434
1124602
1124679
1124680
1124755
1124876
1124890
1125018
1125069
1125139
1125270
1125542
1125645
1125646
1125647
1125668
1125832
1125857
1125880
1125925
1126243
1126259
1126277
1126458
1126550
1126688
1126690
1126710
1126752
1126864
1126885
1126889
1126936
1127068
1127080
1127106
1127155
1127174
1127178
1127181
1127182
1127229
1127244
1127251
1127319
1127331
1127366
1127455
1127456
1127457
1127458
1127459
1127460
1127465
1127491
1127513
1127545
1127546
1127558
1127576
1127579
1127599
1127606
1128018
1128021
1128079
1128131
1128455
1128767
1128828
1128833
1128836
1128847
1128981
1129030
1129106
1129137
1129264
1129334
1129356
1129439
1129465
1129507
1129549
1129556
1129619
1129766
1129828
1129829
1129830
1129841
1129918
1129919
1129920
1130067
1130148
1130201
1130951
1130961
1130963
1130972
1131143
1131259
1131371
1131538
1132675
1132722
1132849
1132860
1132862
1133192
1133193
1133194
1133195
1133840
1133847
1133848
1133877
1133891
1133903
1133922
1133984
1134077
1134419
1134568
1134619
1134622
1134624
1134978
1135001
1135202
1135660
1135680
1135967
1136018
1136079
1136080
1136144
1136805
1136844
1137082
1137142
1137147
1137163
1137178
1137265
1137293
1137382
1137383
1137384
1137385
1137386
1137387
1137388
1137389
1137390
1137391
1137397
1137398
1137399
1137400
1137401
1137402
1137403
1137404
1137405
1137406
1137407
1137408
1137409
1137410
1137411
1137412
1137414
1137415
1137416
1137417
1137419
1137420
1137421
1137422
1137423
1137424
1137425
1137426
1137427
1137428
1137429
1137430
1137431
1137432
1137433
1137784
1137796
1137919
1138307
1138319
1138323
1138389
1138396
1138426
1138457
1138475
1138487
1138489
1138526
1138746
1138772
1138853
1138995
1139288
1139305
1139317
1139456
1139485
1139602
1139623
1139638
1139697
1139714
1139715
1139782
1139791
1139998
1140063
1140109
1140137
1140138
1140139
1140140
1140141
1140151
1140242
1140243
1140283
1140345
1140492
1140494
1140539
1140540
1140591
1140604
1140607
1140634
1140750
1140960
1141011
1141364
1141365
1141366
1141367
1141368
1141369
1141370
1141371
1141372
1141373
1141374
1141375
1141376
1141523
1144754
1144833
1144880
1144881
1144958
1144986
1145138
1145197
1145317
1145394
1145570
1145573
1145670
1145691
1145812
1145863
1145895
1145913
1146047
1146060
1146130
1146140
1146165
1146166
1146167
1146168
1146973
1147023
1147032
1147033
1147155
1147283
1147320
1147362
1147398
1147430
1147452
1147492
1147525
1147540
1147661
1147662
1147703
1147762
1147873
1147892
1147970
1148336
1148749
1149070
1149109
1149117
1149350
1149479
1149788
1149835
1150033
1150504
1150510
1150710
1150748
1150812
1150813
1150833
1150909
1150941
1150987
1150994
1151028
1151209
1152510
1152738
1153185
1154068
1154069
1154070
1154074
1154116
1154133
1154150
1154185
1154186
1165086
1165311
1170614
1170773
1173753
1174244
1174800
1175680
1175920
1177010
1177276
1177519
1177807
1178275
1178374
1179193
1179248
1179361
1179795
1180493
1180861
1181583
1182156
1182163
1182172
1182303
1182552
