1057127
1057134
1057141
1057148
1057155
1057162
1057169
1057176
1057183
1057190
1057197
1057204
1057211
1057218
1057225
1057232
1057239
1057246
1057253
1057260
1057267
1057274
1057281
1057288
1057295
1057302
1057309
1057316
1057323
1057330
1057337
1057344
1057351
1057358
1057365
1057372
1057379
1057386
1057393
1057400
1057407
1057414
1057421
1057428
1057435
1057442
1057449
1057456
1057463
1057470
1057477
1057484
1057491
1057498
1057505
1057512
1057519
1057526
1057533
1057540
1057547
1057554
1057561
1057568
1057575
1057582
1057596
1057603
1057610
1057617
1057624
1057631
1057638
1057645
1057652
1057659
1057666
1057673
1057680
1057687
1057694
1057701
1057708
1057715
1057722
1057729
1057736
1057743
1057750
1057757
1057764
1057771
1057778
1057785
1057792
1057799
1057806
1057813
1057820
1057827
1057834
1057848
1057855
1057862
1057869
1057876
1057883
1057890
1057897
1057904
1057911
1057918
1057925
1057932
1057939
1057946
1057953
1057960
1057967
1057974
1057981
1057988
1057995
1058002
1059059
1059066
1059073
1059087
1059094
1059101
1059108
1059122
1059129
1059136
1059143
1059150
1059157
1059171
1059178
1059185
1059192
1069636
1069650
1069657
1069664
1069671
1069678
1069685
1069692
1069706
1069713
1069720
1069727
1069734
1069741
1069748
1069762
1069769
1069776
1069783
1069790
1069797
1069804
1069811
1069818
1069825
1069832
1069839
1069846
1069853
1069860
1069867
1069881
1069888
1069895
1069902
1069909
1069916
1069923
1069930
1069937
1069944
1069951
1069958
1069965
1069972
1069979
1069986
1069993
1070000
1070007
1070014
1070021
1070028
1070035
1070042
1070049
1070070
1070077
1070084
1070091
1070098
1070105
1070112
1070119
1070126
1070133
1070140
1070161
1070168
1070175
1070182
1070189
1070203
1070210
1070217
1070224
1070231
1070238
1070245
1070252
1070259
1070266
1070273
1070280
1070287
1070294
1070308
1070315
1070322
1070329
1070336
1070343
1070350
1070357
1070364
1070371
1070378
1070385
1070392
1070399
1070406
1070413
1070420
1070427
1070434
1070441
1070448
1070455
1070462
1070469
1070476
1070483
1070490
1070497
1070504
1070511
1070518
1070525
1070532
1070539
1070546
1070553
1070560
1070567
1070574
1070581
1070588
1070595
1070602
1070609
1070616
1070623
1070630
1070637
1070644
1070651
1070658
1070672
1070679
1070686
1070693
1070700
1070707
1070749
1070756
1070763
1070770
1070777
1070784
1070791
1070798
1070805
1070812
1070826
1070833
1070840
1070847
1070854
1070861
1070868
1070882
1070889
1070896
1070903
1070910
1070917
1070924
1070945
1070952
1070959
1070966
1070973
1070980
1070987
1070994
1071001
1071008
1071015
1071022
1071029
1071036
1071043
1071050
1071057
1071064
1071071
1071085
1071092
1071099
1071106
1071120
1071127
1071134
1071141
1071148
1071155
1071162
1071169
1071176
1071183
1071190
1071197
1071204
1071211
1071218
1071225
1071232
1071239
1071246
1071253
1071260
1071274
1071281
1071288
1071295
1071302
1071316
1071323
1071330
1071337
1071344
1071351
1071358
1071365
1071372
1071379
1071386
1071393
1071400
1071407
1071414
1071421
1071435
1071449
1071456
1071463
1071470
1071477
1071484
1071491
1071498
1071505
1071512
1071519
1071526
1071533
1071540
1071547
1071554
1071561
1071568
1071575
1071582
1071589
1071596
1071603
1071610
1071617
1071624
1071631
1071638
1071645
1071659
1071673
1071680
1071687
1071694
1071701
1071708
1071715
1071722
1071729
1071736
1071743
1071750
1071757
1071764
1071771
1071778
1071785
1071792
1071799
1071806
1071813
1071827
1071834
1071841
1071848
1071855
1071862
1071869
1071876
1071883
1071890
1071897
1071904
1071911
1071918
1071925
1071939
1071981
1086618
1086625
1086632
1090272
1090531
1093583
1093854
1093855
1093856
1093857
1093858
1093859
1093860
1093861
1093862
1093863
1093864
1093865
1093866
1093867
1093868
1093869
1093870
1093871
1093872
1093873
1093874
1093875
1093876
1093877
1093878
1093879
1093880
1093881
1093882
1093883
1093884
1093885
1093886
1093887
1093888
1093889
1093890
1093891
1093892
1093893
1093894
1093895
1093896
1093897
1093898
1093899
1093900
1093901
1093902
1093903
1093904
1093905
1093906
1093907
1093908
1093909
1093910
1093911
1093912
1093913
1093914
1093915
1093916
1093917
1093918
1093919
1093920
1093921
1093922
1093923
1093924
1093925
1093926
1093927
1093928
1093929
1093930
1093931
1093932
1093933
1093934
1093935
1093936
1093937
1093938
1093939
1093940
1093941
1093942
1093943
1093944
1093945
1093946
1093947
1093948
1093949
1093950
1093951
1093952
1093953
1093954
1093955
1093956
1093957
1093958
1093959
1093960
1093961
1093962
1093963
1093964
1093965
1093966
1093967
1093968
1093969
1093970
1093971
1093972
1093973
1093974
1093975
1093976
1093977
1093978
1093980
1093981
1093982
1093983
1093984
1093985
1093986
1093987
1093988
1093989
1093990
1093991
1093992
1093993
1093994
1093995
1093996
1093997
1093998
1093999
1094000
1094001
1094002
1094003
1094004
1094005
1094006
1094007
1094008
1094009
1094010
1094011
1094012
1094013
1094014
1094015
1094016
1094017
1094018
1094019
1094020
1094021
1094022
1094023
1094024
1094025
1094026
1094027
1094028
1094029
1094030
1094031
1094032
1094033
1094034
1094035
1094036
1094037
1094038
1094039
1094040
1094042
1094043
1094513
1094525
1094784
1094786
1094787
1094891
1094893
1094894
1094925
1094928
1094930
1094933
1094934
1094936
1094937
1094938
1094940
1094941
1094942
1094945
1094946
1094949
1094953
1094954
1094957
1094958
1094961
1094962
1094964
1094965
1094967
1094969
1094971
1094972
1094973
1094975
1094979
1094981
1094982
1094985
1094988
1094989
1094991
1094992
1094994
1094995
1095000
1095001
1095002
1095007
1095013
1095014
1095017
1095019
1095022
1095023
1095024
1095025
1095028
1095030
1095031
1095032
1095037
1095038
1095040
1095042
1095047
1095048
1095049
1095050
1095053
1095056
1095058
1095059
1095060
1095061
1095063
1095069
1095072
1095073
1095080
1095081
1095084
1095085
1095086
1095090
1095091
1095092
1095093
1095095
1095096
1095097
1095099
1095100
1095109
1095111
1095112
1095115
1095117
1095118
1095120
1095121
1095125
1095127
1095129
1095130
1095131
1095132
1095133
1095136
1095137
1095138
1095145
1095146
1095147
1095151
1095154
1095158
1095160
1095162
1095164
1095165
1095166
1095167
1095168
1095169
1095172
1095174
1095175
1095178
1095179
1095180
1095183
1095184
1095185
1095187
1095188
1095189
1095190
1095191
1095192
1095196
1095197
1095201
1095202
1095203
1095205
1095208
1095209
1095210
1095211
1095213
1095217
1095218
1095219
1095220
1095222
1095224
1095226
1095229
1095230
1095231
1095232
1095234
1095235
1095236
1095238
1095242
1095244
1095246
1095247
1095248
1095251
1095252
1095253
1095254
1095255
1095256
1095257
1095262
1095267
1095269
1095270
1095273
1095276
1095277
1095279
1095280
1095283
1095284
1095285
1095287
1095288
1095289
1095361
1095542
1095543
1095544
1095545
1095547
1095548
1095549
1095550
1095551
1095552
1095553
1095554
1095555
1095556
1095557
1095559
1095560
1095561
1095563
1095595
1095600
1095601
1095626
1095627
1095628
1095629
1095775
1095779
1095951
1095952
1095954
1095955
1095956
1095957
1095958
1095960
1095961
1095962
1095963
1095964
1095965
1095966
1095967
1095968
1095969
1095970
1095971
1095972
1095973
1095974
1095975
1095976
1095977
1095978
1095979
1095980
1095981
1095982
1095983
1095984
1095985
1095986
1095987
1095988
1095989
1095990
1095991
1095992
1095993
1095994
1095995
1095996
1095997
1095998
1095999
1096000
1096001
1096002
1096003
1096004
1096005
1096006
1096007
1096008
1096009
1096010
1096011
1096012
1096013
1096014
1096015
1096016
1096017
1096018
1096019
1096020
1096021
1096022
1096023
1096024
1096025
1096026
1096027
1096029
1096030
1096031
1096032
1096033
1096034
1096035
1096036
1096037
1096038
1096039
1096040
1096041
1096042
1096043
1096044
1096045
1096046
1096047
1096048
1096049
1096050
1096051
1096052
1096053
1096054
1096055
1096056
1096057
1096058
1096059
1096060
1096061
1096062
1096063
1096064
1096065
1096066
1096175
1096176
1096177
1096182
1096485
1096486
1096487
1096488
1096489
1096490
1096491
1096492
1096493
1096494
1096495
1096496
1096497
1096498
1096499
1096500
1096501
1096502
1096503
1096504
1096505
1096506
1096507
1096508
1096509
1096510
1096511
1096512
1096513
1096515
1096516
1096517
1096518
1096519
1096520
1096521
1096522
1096523
1096524
1096525
1096526
1096527
1096673
1096849
1096856
1096879
1096901
1096962
1096967
1096969
1096970
1096971
1096978
1096979
1096981
1096983
1096984
1096985
1096988
1096989
1096990
1096991
1096996
1096999
1097006
1097009
1097014
1097016
1097017
1097018
1097019
1097023
1097027
1097028
1097031
1097032
1097035
1097037
1097038
1097041
1097044
1097046
1097047
1097054
1097060
1097063
1097064
1097066
1097067
1097068
1097069
1097074
1097077
1097082
1097083
1097084
1097091
1097093
1097094
1097095
1097096
1097107
1097111
1097115
1097116
1097118
1097120
1097124
1097280
1097284
1097288
1097295
1097296
1097297
1097298
1097299
1097300
1097301
1097302
1097303
1097304
1097305
1097306
1097307
1097308
1097309
1097310
1097311
1097312
1097313
1097314
1097315
1097316
1097317
1097318
1097319
1097320
1097321
1097322
1097323
1097324
1097325
1097326
1097327
1097328
1097329
1097330
1097331
1097332
1097333
1097335
1097336
1097337
1097338
1097339
1097340
1097341
1097342
1097343
1097344
1097345
1097346
1097347
1097348
1097349
1097350
1097351
1097352
1097353
1097354
1097356
1097357
1097358
1097359
1097360
1097361
1097362
1097363
1097364
1097365
1097366
1097367
1097368
1097370
1097371
1097372
1097373
1097374
1097375
1097376
1097377
1097379
1097380
1097381
1097383
1097384
1097385
1097386
1097388
1097389
1097390
1097391
1097392
1097393
1097394
1097395
1097396
1097397
1097415
1097449
1097499
1097521
1097530
1097533
1097536
1097538
1097540
1097541
1097542
1097543
1097546
1097547
1097551
1097552
1097554
1097556
1097558
1097559
1097560
1097565
1097568
1097571
1097572
1097575
1097576
1097577
1097578
1097579
1097582
1097586
1097589
1097590
1097592
1097596
1097598
1097599
1097603
1097604
1097609
1097610
1097611
1097616
1097617
1097618
1097620
1097625
1097630
1097631
1097633
1097634
1097636
1097637
1097640
1097644
1097646
1097648
1097649
1097650
1097651
1097655
1097658
1097659
1097663
1097666
1097667
1097671
1097674
1097676
1097679
1097680
1097681
1097684
1097686
1097692
1097694
1097695
1097696
1097698
1097701
1097702
1097704
1097705
1097706
1097710
1097711
1097712
1097716
1097722
1097723
1097724
1097732
1097733
1097736
1097737
1097739
1097740
1097744
1097746
1097747
1097749
1097753
1097754
1097756
1097758
1097762
1097763
1097764
1097768
1097769
1097771
1097772
1097777
1097779
1097782
1097783
1097786
1097787
1097788
1097789
1097791
1097794
1097795
1097796
1097798
1097800
1097801
1097805
1097806
1097807
1097810
1097815
1097820
1097821
1097822
1097825
1097833
1097834
1097835
1097838
1097839
1097840
1097842
1097845
1097848
1097851
1097852
1097853
1097854
1097855
1097860
1097862
1097863
1097867
1097868
1097873
1097877
1097884
1097886
1097887
1097888
1097890
1097893
1097894
1097895
1097897
1097899
1097900
1097902
1097903
1097905
1097908
1097920
1097921
1097922
1097923
1097924
1097925
1097926
1097927
1097932
1097933
1097934
1097938
1097939
1097941
1097949
1097951
1097952
1097955
1097957
1097959
1097963
1097964
1097966
1097972
1097979
1097980
1097981
1097983
1097986
1097989
1097990
1097994
1097996
1097997
1098000
1098001
1098003
1098005
1098007
1098010
1098011
1098012
1098013
1098016
1098020
1098021
1098023
1098027
1098030
1098031
1098032
1098033
1098034
1098035
1098037
1098038
1098041
1098042
1098043
1098047
1098054
1098057
1098058
1098061
1098062
1098063
1098064
1098065
1098070
1098074
1098075
1098077
1098079
1098081
1098082
1098083
1098087
1098088
1098091
1098092
1098093
1098096
1098098
1098099
1098102
1098104
1098106
1098107
1098108
1098118
1098124
1098129
1098133
1098135
1098136
1098137
1098138
1098142
1098147
1098149
1098150
1098152
1098153
1098154
1098165
1098168
1098169
1098170
1098174
1098175
1098182
1098183
1098184
1098186
1098187
1098198
1098199
1098200
1098202
1098205
1098210
1098211
1098214
1098217
1098218
1098219
1098220
1098224
1098231
1098239
1098243
1098244
1098245
1098246
1098247
1098249
1098252
1098256
1098257
1098265
1098268
1098269
1098270
1098271
1098274
1098276
1098277
1098278
1098280
1098283
1098285
1098286
1098287
1098291
1098292
1098293
1098297
1098298
1098299
1098306
1098309
1098393
1098397
1098410
1098418
1098420
1098421
1098422
1098475
1098607
1098619
1098802
1098807
1098808
1098809
1098810
1098988
1100148
1100149
1100150
1100151
1100152
1100153
1100154
1100155
1100156
1100157
1117652
1117653
1117654
1117664
1117665
1117806
1117819
1117826
1117851
1117853
1117854
1117855
1117896
1117898
1117903
1117907
1117916
1117917
1117920
1117926
1117927
1117929
1117931
1117958
1118115
1118327
1118337
1118340
1118341
1118387
1118484
1118486
1118602
1118622
1118706
1118751
1118754
1118772
1118785
1118791
1118798
1118801
1118802
1118829
1118845
1118847
1118854
1118864
1118870
1118872
1119150
1119153
1119164
1119207
1119214
1119244
1119256
1119310
1119338
1119358
1119410
1119435
1119453
1119465
1119768
1119770
1119774
1119893
1120106
1120107
1120122
1120177
1120178
1120179
1120180
1120182
1120183
1120184
1120185
1120186
1120187
1120188
1120189
1120190
1120191
1120192
1120280
1120383
1120384
1120385
1120386
1120387
1120389
1120528
1120532
1120534
1120540
1120541
1120544
1120558
1120567
1120600
1120604
1120608
1120612
1120617
1120619
1120620
1120621
1120622
1120623
1120627
1120634
1120635
1120637
1120640
1120644
1120684
1120685
1120700
1120760
1120763
1120764
1120765
1120766
1120767
1120768
1120769
1120770
1120771
1120772
1120773
1120774
1120775
1120776
1120777
1120778
1120779
1120789
1120790
1120791
1120792
1120793
1120804
1120969
1121065
1121089
1121094
1121763
1121860
1121887
1121943
1121956
1121965
1122190
1122213
1122216
1122514
1122571
1122574
1122594
1122599
1122708
1122710
1122765
1122766
1122768
1122907
1122908
1122909
1122910
1122911
1122912
1122913
1122914
1122915
1122916
1122917
1122918
1122919
1122920
1122981
1123203
1123675
1123679
1123704
1123714
1123732
1123733
1123737
1123743
1123744
1123747
1123777
1123809
1123827
1123831
1123859
1123878
1123879
1123897
1123906
1124001
1124043
1124044
1124046
1124047
1124049
1124074
1124079
1124083
1124095
1124096
1124102
1124110
1124112
1124131
1124138
1124155
1124158
1124162
1124163
1124165
1124171
1124174
1124176
1124178
1124179
1124184
1124189
1124196
1124200
1124225
1124227
1124231
1124246
1124247
1124254
1124256
1124279
1124280
1124282
1124285
1124291
1124295
1124307
1124325
1124361
1124366
1124373
1124381
1124382
1124383
1124384
1124385
1124417
1124420
1124421
1124451
1124459
1124462
1124467
1124488
1124489
1124493
1124502
1124505
1124511
1124512
1124514
1124516
1124518
1124524
1124556
1124583
1124608
1124622
1124628
1124634
1124665
1124669
1124690
1124701
1124712
1124721
1124743
1124766
1124781
1124783
1124784
1124786
1124797
1124806
1124807
1124809
1124832
1124850
1124851
1124856
1124868
1124870
1124873
1124877
1124882
1124891
1124892
1124895
1124899
1124910
1124917
1124927
1124936
1124941
1124943
1124947
1124953
1124956
1124988
1124995
1124997
1125003
1125005
1125010
1125050
1125051
1125057
1125093
1125100
1125128
1125133
1125137
1125163
1125165
1125175
1125178
1125181
1125189
1125191
1125193
1125207
1125239
1125255
1125258
1125266
1125267
1125277
1125285
1125306
1125313
1125318
1125319
1125320
1125322
1125327
1125329
1125352
1125353
1125361
1125370
1125376
1125379
1125384
1125385
1125386
1125388
1125389
1125418
1125437
1125438
1125439
1125451
1125471
1125495
1125504
1125505
1125506
1125530
1125532
1125543
1125577
1125579
1125582
1125585
1125591
1125595
1125597
1125612
1125614
1125619
1125629
1125639
1125657
1125658
1125659
1125661
1125695
1125701
1125792
1125816
1125821
1125843
1125848
1125852
1125881
1125903
1125904
1125918
1125927
1125928
1125935
1125955
1125972
1125973
1125979
1125982
1125988
1125989
1126001
1126006
1126011
1126018
1126064
1126177
1126195
1126196
1126201
1126214
1126217
1126233
1126237
1126248
1126254
1126255
1126261
1126264
1126268
1126299
1126305
1126311
1126313
1126328
1126342
1126354
1126356
1126360
1126364
1126371
1126380
1126383
1126390
1126399
1126404
1126407
1126413
1126424
1126436
1126437
1126438
1126441
1126449
1126453
1126457
1126482
1126486
1126491
1126494
1126505
1126508
1126525
1126526
1126546
1126547
1126552
1126554
1126557
1126559
1126561
1126566
1126570
1126573
1126578
1126582
1126591
1126593
1126618
1126620
1126621
1126622
1126628
1126630
1126633
1126634
1126635
1126641
1126684
1126708
1126716
1126729
1126735
1126738
1126739
1126740
1126746
1126798
1126799
1126800
1126802
1126806
1126810
1126813
1126857
1126858
1126865
1126872
1126890
1126916
1126918
1126927
1126930
1126943
1126944
1126952
1126956
1126958
1126976
1126999
1127044
1127073
1127100
1127119
1127140
1127153
1127156
1127168
1127189
1127190
1127191
1127219
1127228
1127238
1127245
1127252
1127288
1127300
1127322
1127323
1127326
1127330
1127341
1127345
1127351
1127365
1127367
1127368
1127379
1127381
1127389
1127396
1127401
1127406
1127445
1127446
1127449
1127478
1127528
1127547
1127551
1127559
1127570
1127572
1127573
1127591
1127597
1127794
1127800
1127860
1127865
1127933
1127934
1127935
1127937
1127938
1127939
1127941
1128023
1128033
1128039
1128042
1128045
1128049
1128060
1128072
1128082
1128097
1128098
1128103
1128114
1128115
1128116
1128118
1128120
1128122
1128127
1128133
1128139
1128144
1128149
1128164
1128169
1128170
1128375
1128405
1128496
1128503
1128507
1128537
1128556
1128568
1128597
1128605
1128671
1128700
1128713
1128715
1128721
1128728
1128752
1128756
1128854
1128859
1128945
1128950
1128956
1128969
1128977
1128978
1128984
1129003
1129008
1129015
1129021
1129026
1129027
1129032
1129033
1129034
1129036
1129037
1129040
1129066
1129068
1129073
1129079
1129081
1129082
1129085
1129088
1129124
1129128
1129132
1129134
1129143
1129169
1129170
1129174
1129196
1129212
1129218
1129221
1129225
1129231
1129263
1129266
1129284
1129289
1129291
1129292
1129298
1129308
1129315
1129330
1129332
1129378
1129379
1129397
1129402
1129413
1129418
1129419
1129426
1129452
1129458
1129482
1129497
1129519
1129521
1129524
1129527
1129528
1129530
1129531
1129532
1129547
1129552
1129554
1129558
1129580
1129598
1129613
1129617
1129625
1129633
1129638
1129643
1129671
1129672
1129675
1129677
1129680
1129686
1129687
1129706
1129707
1129709
1129712
1129749
1129751
1129754
1129755
1129777
1129796
1129804
1129805
1129817
1129818
1129823
1129834
1129848
1129851
1129908
1129914
1129923
1129929
1129951
1129952
1129953
1129960
1129963
1129969
1129980
1129981
1129985
1129991
1129994
1129999
1130002
1130025
1130082
1130089
1130093
1130098
1130113
1130114
1130124
1130130
1130131
1130162
1130163
1130164
1130167
1130175
1130176
1130205
1130224
1130235
1130241
1130242
1130424
1130437
1130774
1130778
1130779
1130835
1130885
1130889
1130896
1130905
1130908
1130912
1130941
1130977
1130983
1130985
1130989
1130990
1130991
1130998
1131000
1131034
1131053
1131101
1131102
1131103
1131129
1131137
1131142
1131146
1131158
1131168
1131189
1131191
1131208
1131209
1131215
1131222
1131229
1131262
1131281
1131293
1131301
1131310
1131321
1131326
1131329
1131332
1131339
1131342
1131347
1131351
1131359
1131360
1131361
1131369
1131378
1131403
1131404
1131422
1131439
1131445
1131458
1131460
1131479
1131481
1131483
1131489
1131497
1131505
1131514
1131558
1131596
1131619
1131620
1131658
1131662
1131696
1131698
1131729
1131734
1131737
1131739
1131742
1131743
1131745
1131771
1131776
1131790
1131806
1131841
1131846
1131883
1131918
1131921
1131925
1131940
1131943
1131955
1131964
1131975
1132042
1132161
1132172
1132181
1132183
1132184
1132187
1132199
1132225
1132228
1132234
1132235
1132249
1132251
1132268
1132489
1132495
1132667
1132673
1132676
1132681
1132696
1132704
1132719
1132725
1132737
1132738
1132740
1132746
1132768
1132784
1132795
1132835
1132841
1132890
1132903
1132910
1132912
1132918
1132929
1133008
1133009
1133159
1133160
1133163
1133164
1133165
1133166
1133167
1133168
1133169
1133170
1133171
1133172
1133173
1133174
1133175
1133189
1133190
1133222
1133223
1133338
1133378
1133442
1133443
1133873
1133885
1133887
1133888
1133902
1133937
1133944
1133949
1133952
1133962
1133965
1133966
1133982
1133988
1133993
1133998
1134000
1134006
1134008
1134019
1134029
1134056
1134072
1134084
1134087
1134109
1134114
1134115
1134310
1134312
1134401
1134407
1134435
1134450
1134453
1134459
1134471
1134479
1134483
1134494
1134501
1134551
1134557
1134576
1134583
1134585
1134589
1134590
1134646
1134659
1134663
1134688
1134737
1134747
1134751
1134759
1134928
1134942
1134952
1134955
1134996
1135048
1135197
1135284
1135294
1135328
1135333
1135345
1135375
1135454
1135457
1135506
1135516
1135549
1135559
1135560
1135565
1135577
1135578
1135581
1135643
1135669
1135698
1135717
1135719
1135751
1135771
1135775
1135820
1135841
1135876
1135877
1135904
1135917
1135926
1135940
1135954
1135971
1135975
1135991
1135994
1136000
1136006
1136072
1136077
1136084
1136147
1136222
1136224
1136233
1136237
1136238
1136239
1136240
1136244
1136247
1136248
1136257
1136260
1136268
1136269
1136270
1136271
1136273
1136275
1136292
1136298
1136313
1136319
1136320
1136323
1136329
1136330
1136335
1136343
1136345
1136349
1136362
1136366
1136367
1136368
1136372
1136373
1136376
1136377
1136378
1136391
1136402
1136406
1136415
1136420
1136421
1136424
1136428
1136444
1136448
1136462
1136463
1136464
1136466
1136471
1136473
1136474
1136493
1136508
1136554
1136648
1136717
1136731
1136782
1136796
1136831
1136874
1136919
1137008
1137053
1137112
1137117
1137121
1137132
1137167
1137180
1137190
1137225
1137278
1137309
1137313
1137813
1137814
1137859
1137867
1137901
1137927
1137984
1138316
1138332
1138336
1138337
1138340
1138368
1138373
1138375
1138387
1138394
1138397
1138407
1138414
1138437
1138441
1138444
1138452
1138467
1138524
1138533
1138614
1138621
1138625
1138633
1138645
1138646
1138658
1138660
1138663
1138673
1138675
1138680
1138681
1138723
1138724
1138759
1138916
1138923
1138989
1139025
1139035
1139068
1139077
1139117
1139359
1139365
1139393
1139407
1139434
1139501
1139521
1139558
1139561
1139628
1139673
1139690
1139699
1139729
1139730
1139804
1139845
1139866
1139878
1139913
1139964
1139982
1139990
1140013
1140020
1140168
1140196
1140203
1140234
1140254
1140265
1140287
1140302
1140347
1140353
1140383
1140421
1140451
1140478
1140488
1140500
1140635
1140639
1140676
1140700
1140730
1140735
1140756
1140766
1140777
1140784
1140794
1140895
1140896
1140903
1140930
1140962
1140967
1140969
1140986
1140997
1140999
1141001
1141075
1141082
1141632
1144659
1144679
1144690
1144691
1144761
1144811
1144854
1144861
1144911
1144932
1144934
1144943
1144947
1144971
1144972
1144978
1145030
1145031
1145036
1145049
1145070
1145123
1145128
1145181
1145195
1145242
1145244
1145245
1145755
1145943
1145963
1145970
1145971
1146368
1146371
1146373
1146421
1146422
1146426
1146433
1146434
1146442
1146446
1146455
1146478
1146491
1146511
1146540
1146576
1146610
1147025
1147224
1147382
1147406
1147459
1147506
1147621
1147781
1147849
1147909
1147935
1147978
1147989
1147992
1148092
1148177
1148211
1148227
1148229
1148484
1148485
1148492
1148504
1148533
1148548
1148549
1148569
1148571
1148586
1148592
1148593
1148595
1148603
1148612
1148616
1148620
1148630
1148640
1148653
1148658
1148698
1148714
1148735
1148792
1148797
1148814
1148815
1148829
1148860
1148866
1149028
1149032
1149061
1149064
1149072
1149075
1149140
1149143
1149144
1149146
1149147
1149149
1149150
1149152
1149155
1149191
1149192
1149196
1149198
1149200
1149201
1149205
1149206
1149208
1149210
1149211
1149212
1149214
1149285
1149286
1149288
1149290
1149293
1149297
1149299
1149302
1149303
1149386
1149419
1149438
1149446
1149522
1149525
1149526
1149527
1149531
1149597
1149599
1149609
1149615
1149617
1149651
1149793
1149796
1149817
1149838
1149842
1149853
1149895
1149911
1149927
1149930
1149981
1149987
1150013
1150018
1150021
1150049
1150069
1150077
1150105
1150111
1150125
1150735
1150764
1150778
1150785
1150799
1150841
1150887
1150888
1150890
1150894
1150911
1150927
1150938
1150940
1150956
1150958
1150962
1150989
1150993
1150996
1151024
1151038
1151043
1151070
1151071
1151079
1151126
1152289
1152302
1152303
1152304
1152305
1152306
1152307
1152308
1152309
1152457
1152462
1152486
1152488
1152489
1152514
1152515
1152519
1152540
1152557
1152579
1153236
1154058
1154065
1154148
1154223
1154225
1154239
1154253
1154254
1155182
1155183
1155217
1155787
1155795
1155822
1155828
1155838
1155841
1155856
1155858
1155862
1155863
1155877
1155879
1155883
1155897
1155901
1155907
1156065
1156237
1156254
1156301
1156331
1156502
1156503
1156515
1157116
1157209
1157210
1157230
1157231
1157232
1157234
1157235
1157236
1157237
1157238
1157559
1157618
1157670
1157722
1157734
1158066
1158069
1158512
1160380
1164235
1164250
1164253
1164255
1164271
1164272
1164276
1164281
1164282
1164289
1164291
1164293
1164294
1164301
1164317
1165100
1165135
1165136
1165147
1165148
1165312
1170539
1170834
1170956
1170963
1171151
1171884
1172263
1172275
1172279
1172289
1173312
1173313
1173315
1173316
1173318
1173320
1173321
1173322
1173328
1173329
1173335
1173338
1173340
1173343
1173346
1173347
1173355
1173356
1173357
1173358
1173359
1173362
1173366
1173369
1173371
1173372
1173373
1173375
1173390
1173393
1173394
1173396
1173403
1173404
1173405
1173406
1173409
1173413
1173415
1173596
1173837
1173883
1174283
1174292
1174340
1174349
1174355
1174712
1174713
1174739
1174895
1174902
1174903
1174906
1174927
1174933
1174981
1174993
1174995
1174999
1175035
1175052
1175058
1175061
1175070
1175713
1175802
1175836
1175862
1175863
1175875
1176451
1177166
1177191
1177220
1177222
1177292
1177293
1179354
1180795
1180955
1180981
1181018
1181167
1181172
1181202
1181203
1181220
1181245
1181247
1181257
1181261
1181274
1181278
1181282
1181284
1181285
1181287
1181292
1181310
1181319
1181334
1181341
1181345
1181350
1181720
1181860
1181923
1181983
1181986
1182028
1182029
1182030
1182032
1182033
1182034
1182036
1182037
1182051
1182053
1182070
1182071
1182098
1182099
1182100
1182283
1182444
1182493
1182494
1182505
1182533
1182561
1182577
1182608
1182609
1182630
1182633
1182637
1182638
1182640
1182648
1182696
1182697
1182718
1182746
1182749
1182753
1182765
1182794
1182797
1182817
1182898
1182918
1182921
1182922
1182974
1183003
1183067
1183106
1183135
1183138
1183139
1183140
1183142
1183143
1183187
1183188
1183212
1183213
1184643
