1122058
1122059
1122060
1122061
1122062
1122063
1122064
1122065
1122066
1122067
1122068
1122069
1122070
1122071
1122072
1122073
1122074
1122075
1122076
1122077
1122078
1122079
1122080
1122081
1122082
1122083
1122084
1122085
1122086
1122087
1122088
1122089
1122090
1122091
1122093
1122094
1122095
1122096
1122097
1122098
1122099
1122100
1122101
1122102
1122103
1122104
1122105
1122106
1122107
1122108
1122109
1122110
1122111
1122112
1122113
1133655
1133656
1133657
1133658
1133659
1133660
1133661
1133662
1133663
1133664
1133665
1133666
1133667
1133668
1133669
1133670
1133671
1133672
1133673
1133674
1133675
1133676
1133677
1133678
1133679
1133680
1133681
1133682
1133683
1133684
1133685
1133686
1133687
1133688
1133689
1133690
1133691
1133692
1133693
1133694
1133695
1133696
1133697
1133698
1133699
1133700
1133701
1133702
1133703
1133704
1133705
1133706
1133707
1133708
1133709
1133710
1133711
1133712
1133713
1133714
1133715
1133716
1133717
1133718
1137368
1137369
1137370
