1170506
1170507
1170508
1170509
1170510
1170511
1170512
1170513
1170514
1170515
1170516
1170517
1170519
1170520
1170521
1170522
1170523
1170524
1170525
1170526
1170527
1171761
1171762
1171763
1171765
1173847
1173849
1173850
1173851
1173852
1173853
1173854
1173855
1173856
1173857
1173858
1173859
1173860
1173861
1173863
1173864
1173865
1173866
1173868
1173869
1173870
1173942
1173943
1173944
1173945
1173946
1173947
1173948
1173949
1173950
1176888
