1044282
1044289
1044296
1044303
1044310
1044317
1044324
1044331
1044338
1044345
1044352
1044359
1044366
1044373
1044380
1044387
1044394
1044401
1044408
1044415
1044422
1044429
1044436
1044443
1095732
1099422
1110044
1118807
1123590
1127790
1127902
1130758
1130761
1130765
1132486
1133275
1134250
1134329
1134330
1134331
1134332
1134333
1134340
1134342
1134345
1134347
1134348
1134349
1134350
1134351
1134352
1134355
1134356
1134357
1134359
1134360
1134361
1134363
1134364
1134365
1134366
1134367
1134368
1134369
1134370
1134371
1134372
1134373
1134791
1147274
1158535
1170889
1170890
1170891
1170892
1170893
1170894
1170895
1170896
1170897
1173906
1174306
1174614
1177610
1178668
1180934
1190791
