1094774
1094584
1094916
1094726
1094537
1102647
1094775
1094585
1103272
1094917
1094727
1137327
1093820
1094586
1094918
1094728
1094538
1130621
1093821
1094587
1094919
1094729
1094539
1101668
1093822
1094588
1176284
1176237
1101289
1094589
1114666
1093823
1093824
1094640
1095860
1093825
1094641
1095861
1093826
1122717
1094642
1175768
1098581
1095862
1093827
1090538
1094880
1094690
1101913
1094643
1175769
1105662
1098582
1095863
1001918
1093828
1095293
1094881
1094691
1110284
1099627
1094644
1176340
1174198
1098583
1095864
1093829
1141288
1094882
1094692
1094645
1176341
1174199
1095865
1094883
1094693
1094835
1094646
1176342
1106243
1095866
1094884
1094694
1094647
1176343
1095867
1095297
1094695
1134385
1117661
1176344
1095868
1170926
1094886
1094696
1153206
1094648
1176345
1094887
1094697
1173484
1107608
1153207
1094649
1176346
1095869
1094700
1094888
1094698
1153208
1176347
1094889
1173486
1176348
1114586
1177590
1176349
1170788
1093791
1177591
1084742
1093792
1177592
1093793
1177593
1101262
1093794
1177594
1155675
1157345
1093795
1177595
1106350
1121467
1093796
1134254
1134255
1094518
1093800
1093798
1100507
1134256
1110919
1093799
1106164
1093801
1134258
1155920
1093802
1134259
1153174
1155921
1103684
1093803
1155922
1093804
1101321
1093805
1171049
1150458
1116440
1093806
1100610
1099606
1147634
1093807
1101940
1094860
1113316
1071428
1093808
1141267
1148260
1102971
1170760
1117779
1093809
1148261
1134742
1176322
1148262
1105692
1176323
1148263
1135619
1176370
1176324
1148264
1176371
1094485
1174798
1122797
1176325
1112983
1109541
1148265
1176372
1173463
1176326
1171153
1102739
1148266
1176373
1173464
1176327
1119168
1148267
1176374
1094488
1176328
1171345
1177570
1103793
1176375
1176329
1130335
1177571
1037380
1107258
1176376
1103368
1094920
1177572
1070063
1110133
1176377
1173468
1108691
1094921
1173896
1133083
1176378
1173469
1094922
1176379
1133085
1006951
1112804
1173521
1173712
1173524
1096668
1107316
1134238
1172291
1093830
1175771
1093831
1173717
1171074
1151251
1100586
1093832
1150436
1153963
1093834
1122773
1093835
1093694
1093836
1176301
1144727
1093695
1123353
1093837
1094890
1101734
1137443
1176350
1093696
1093838
1094891
1176351
1155767
1093839
1101782
1176352
1098784
1128870
1176353
1118118
1102386
1127675
1176306
1176354
1176307
1175832
1094469
1176355
1082740
1172354
1176356
1176357
1103775
1176358
1094521
1063896
1104021
1176359
1176169
1108626
1094522
1174645
1177555
1148303
1157591
1151129
1118270
1137315
1174459
1118271
1103641
1137316
1171620
1118272
1100326
1171431
1093810
1171432
1093811
1117780
1171624
1093812
1104838
1130614
1165131
1103883
1093813
1107775
1093814
1093815
1123331
1176279
1111988
1093816
1141276
1094870
1093817
1176330
1140817
1093818
1141278
1108976
1094872
1176331
1098573
1093819
1094873
1173470
1172331
1104372
1176332
1176380
1109122
1171920
1176333
1094875
1176381
1053627
1176334
1176382
1101908
1176335
1094877
1176383
1176336
1180118
1094878
1111619
1176384
1176194
1176337
1180119
1173238
1176385
1102610
1176338
1173239
1153816
1094879
1176386
1176339
1109745
1094503
1164665
1134810
1102043
1151725
1094504
1158526
1141338
1121963
1094505
1103621
1102473
1101872
1158529
1105193
1101873
1176252
1116374
1112864
1176253
1105338
1176207
1098876
1096301
1170835
1164723
1098829
1093840
1171890
1093841
1101497
1144921
1093842
1144922
1107709
1099640
1107377
1117955
1155913
1171275
1107947
1171038
1093843
1155914
1093844
1155915
1105061
1099263
1094470
1056679
1100599
1174737
1155916
1101931
1105015
1174594
1093845
1155917
1141258
1093846
1093847
1155918
1110827
1176360
1093848
1155919
1176361
1093849
1099649
1176362
1173453
1176363
1173454
1116439
1176364
1123558
1098796
1101985
1174461
1103119
1104975
1176365
1176555
1136170
1160183
1176366
1176367
1155263
1176368
1170997
1113460
1094911
1176369
1122608
1094912
1171200
1111702
1114041
1094913
1122657
1094914
1123616
1110793
1094915
1092386
1180342