1005761
1005768
1005782
1005789
1005796
1005803
1005817
1005831
1005845
1005908
1005915
1005922
1005929
1006020
1006027
1006104
1006111
1006118
1006160
1006209
1006293
1006426
1006433
1006440
1006447
1006454
1006468
1006475
1006489
1006496
1006503
1006510
1006748
1006755
1040803
1040810
1040887
1040894
1040922
1040957
1054474
1073227
1073234
1073241
1073248
1073255
1073262
1073269
1073276
1073283
1073290
1073297
1073304
1073311
1073325
1073332
1073339
1073346
1073353
1073360
1073367
1073381
1073388
1073395
1073402
1073409
1073416
1073423
1073430
1073437
1073444
1073451
1073458
1073465
1073472
1073479
1073486
1073493
1073500
1073507
1073514
1073521
1073528
1073535
1073542
1073549
1073556
1073563
1073570
1073577
1073584
1073591
1073598
1073605
1073612
1073619
1073626
1073633
1073640
1073647
1073654
1073661
1073668
1073675
1073682
1073689
1073696
1073703
1073710
1073717
1073724
1073731
1073738
1073745
1073752
1073759
1073766
1073773
1073780
1073787
1073794
1073801
1073808
1073815
1073822
1073829
1073836
1073843
1073850
1073857
1073864
1073871
1073878
1073885
1073892
1073899
1073906
1073913
1073920
1073927
1073934
1073941
1073948
1073955
1073962
1073969
1073976
1073983
1073990
1073997
1074004
1074011
1074018
1074025
1074032
1074039
1074046
1074053
1074060
1074067
1074074
1074081
1074088
1074095
1074102
1074109
1074116
1074130
1074137
1074144
1074151
1074158
1074165
1074172
1074179
1074186
1074193
1074200
1074207
1074214
1074221
1074228
1074235
1074242
1074249
1074256
1074263
1074270
1074277
1074284
1074291
1074298
1074305
1074312
1074319
1074326
1074333
1074340
1074347
1074354
1074361
1074368
1074375
1074382
1074389
1074396
1074403
1074410
1074417
1074424
1074431
1074438
1074445
1074452
1074459
1074466
1074473
1074480
1074487
1074494
1074501
1074508
1074515
1074522
1074529
1074536
1074543
1074550
1074557
1074564
1074571
1074578
1074585
1074592
1074599
1074606
1074613
1074620
1074627
1074634
1074641
1074648
1074655
1074662
1074669
1074676
1074683
1074690
1074697
1074704
1074711
1074718
1074725
1074732
1074739
1074746
1074753
1074760
1074767
1074774
1074781
1074788
1074795
1074802
1074809
1074816
1074823
1074830
1074837
1074851
1074858
1074865
1074872
1074879
1074886
1074893
1074900
1074907
1074914
1074921
1074928
1074935
1074942
1074949
1074956
1074963
1074970
1074977
1074984
1074991
1074998
1075005
1075012
1075019
1075026
1075033
1075040
1075047
1075054
1075068
1075075
1075082
1075089
1075096
1075103
1075110
1075117
1075124
1075131
1075138
1075145
1075152
1075159
1075166
1075173
1075180
1075187
1075194
1075201
1075208
1075215
1075222
1075229
1075236
1075243
1075250
1075257
1075264
1075271
1075278
1075285
1075292
1075299
1075306
1075313
1075320
1075327
1075334
1075341
1075348
1075355
1075362
1075369
1075376
1075383
1075390
1075397
1075404
1075411
1075418
1075425
1075432
1075439
1075446
1075453
1075460
1075467
1075474
1075481
1075488
1075495
1075502
1075509
1075516
1075523
1075530
1075537
1075544
1075551
1075558
1075565
1075572
1075579
1075586
1075593
1075600
1075607
1075614
1075621
1075628
1075635
1075642
1075649
1075656
1075663
1075670
1075677
1075684
1075691
1075698
1075705
1075712
1075719
1075726
1075733
1091518
1091525
1091574
1091637
1091651
1091658
1091784
1091791
1091812
1091875
1091882
1091903
1092134
1093710
1093713
1094812
1096152
1099384
1099509
1099512
1099513
1099514
1099515
1099517
1099518
1099521
1099522
1099523
1099524
1099525
1099526
1099527
1099528
1099529
1099531
1099532
1099533
1099534
1099536
1099538
1099539
1099545
1099657
1100160
1100161
1100222
1100287
1100288
1100289
1100291
1100293
1100295
1100297
1100298
1100300
1100302
1100303
1100305
1100307
1100309
1100310
1100311
1100312
1100313
1100314
1100315
1100318
1102265
1102962
1108335
1108456
1109027
1109211
1113504
1114235
1114638
1116373
1116375
1116376
1116447
1116449
1116451
1116452
1116453
1116454
1116455
1116456
1116457
1116460
1116461
1116463
1116465
1116467
1116469
1116470
1116471
1116472
1116495
1117663
1117698
1117778
1117802
1117813
1117822
1117823
1117834
1117835
1117836
1117837
1117838
1117841
1117842
1117843
1117845
1117846
1117849
1117850
1117859
1117867
1117970
1117972
1117973
1117974
1118117
1118248
1118249
1118250
1118251
1118261
1118267
1118269
1118279
1118281
1118282
1118301
1118303
1118304
1118317
1118350
1118382
1118412
1118416
1118417
1118433
1118435
1118436
1118437
1118438
1118439
1118440
1118443
1118447
1118449
1118450
1118452
1118453
1118455
1118457
1118458
1118460
1118467
1118555
1118556
1118557
1118714
1118879
1118942
1118969
1118989
1119166
1119180
1119185
1119186
1119188
1119202
1119203
1119211
1119219
1119278
1119315
1119332
1119333
1119334
1119336
1119337
1119403
1119507
1120133
1120695
1120906
1120943
1121104
1121456
1121770
1121839
1121841
1121879
1121949
1122145
1122171
1122198
1122199
1122207
1122211
1122217
1122218
1122219
1122220
1122221
1122222
1122223
1122224
1122225
1122226
1122227
1122228
1122229
1122230
1122231
1122232
1122233
1122234
1122236
1122237
1122238
1122239
1122240
1122241
1122242
1122243
1122244
1122245
1122246
1122247
1122248
1122249
1122250
1122251
1122252
1122253
1122254
1122255
1122287
1122288
1122290
1122291
1122301
1122306
1122351
1122352
1122368
1122416
1122535
1122543
1122544
1122545
1122546
1122547
1122548
1122549
1122550
1122551
1122592
1122651
1122665
1122691
1122699
1122718
1122758
1122797
1122798
1123151
1123320
1123321
1123545
1123561
1123564
1123621
1123882
1124288
1125611
1126076
1127670
1128324
1128353
1128874
1128892
1128895
1128925
1130236
1130264
1130284
1130290
1130330
1130333
1130415
1130447
1130512
1130616
1130777
1132395
1132464
1132539
1132877
1133266
1133315
1133436
1133460
1133461
1133551
1133775
1133790
1133825
1133826
1134122
1134132
1134138
1134141
1134239
1134249
1134493
1134787
1134804
1134946
1134957
1134959
1134986
1134990
1135056
1135057
1135070
1135121
1135201
1135204
1136948
1136966
1137326
1137360
1137381
1137447
1137453
1137459
1137471
1137846
1137942
1138176
1138211
1138557
1138561
1138605
1138683
1138692
1138713
1138825
1138874
1139006
1139014
1139015
1139124
1139137
1139185
1140837
1140975
1141055
1141094
1141175
1141237
1141263
1141293
1141325
1141567
1144621
1144623
1144648
1144665
1144711
1144728
1144749
1144794
1144809
1144856
1144857
1144863
1144906
1144915
1144938
1144969
1144975
1145107
1145141
1145144
1145169
1145186
1145189
1145228
1145268
1146355
1146360
1146363
1147156
1147191
1147208
1147209
1147212
1147223
1147229
1147238
1147239
1147240
1147252
1147254
1147255
1147278
1147337
1147348
1147367
1147373
1147384
1147407
1147409
1147425
1147431
1147432
1147462
1147490
1147523
1148094
1148097
1148130
1148142
1148164
1148908
1148973
1149004
1149005
1149006
1149008
1149009
1149017
1149041
1149050
1149051
1149052
1149053
1149054
1149055
1149056
1149057
1149058
1149103
1149104
1149135
1149610
1149675
1149819
1149836
1149903
1149954
1149955
1149956
1149957
1149958
1149959
1149960
1149961
1150047
1150221
1150459
1150460
1150461
1150492
1150536
1150539
1150624
1150632
1150634
1150659
1150727
1150728
1150736
1150742
1150743
1150751
1150754
1150786
1150800
1150814
1150859
1150865
1150884
1150892
1150893
1150901
1150903
1150907
1150919
1150925
1150935
1150950
1150960
1150976
1150979
1151000
1151006
1151015
1151023
1151095
1151104
1151210
1151642
1151657
1151709
1151717
1151728
1151774
1152117
1152126
1152138
1152141
1152142
1152172
1152503
1152505
1152544
1152577
1152635
1152659
1152750
1152763
1152781
1152782
1152786
1153233
1153827
1153927
1153930
1153933
1153955
1153979
1153982
1153983
1154034
1155171
1155261
1155278
1155762
1155764
1155968
1155970
1155973
1155985
1156035
1156037
1156067
1156070
1156106
1156114
1156120
1156213
1156217
1156253
1156263
1156268
1156281
1156288
1156386
1156483
1156492
1156513
1156523
1157110
1157119
1157244
1157246
1157250
1157336
1157337
1157338
1157339
1157356
1157561
1157607
1157627
1157642
1157667
1158194
1158195
1158196
1158197
1158203
1158211
1158212
1158213
1158215
1158216
1158217
1158218
1158219
1158220
1158221
1158222
1158223
1158224
1158225
1158226
1158227
1158228
1158229
1158230
1158231
1158232
1158233
1158234
1158235
1158236
1158237
1158238
1158239
1158240
1158241
1158242
1158243
1158244
1158245
1158246
1158247
1158248
1158249
1158250
1158251
1158252
1158254
1158255
1158256
1158257
1158258
1158259
1158260
1158261
1158262
1158263
1158264
1158265
1158266
1158267
1158268
1158269
1158270
1158271
1158272
1158273
1158274
1158275
1158276
1158277
1158278
1158279
1158280
1158281
1158282
1158283
1158284
1158285
1158286
1158287
1158288
1158289
1158290
1158291
1158292
1158293
1158294
1158295
1158296
1158297
1158298
1158299
1158300
1158301
1158302
1158304
1158305
1158306
1158308
1158309
1158310
1158311
1158582
1158583
1158584
1158585
1158587
1158588
1158589
1158590
1158591
1158592
1158593
1158594
1158595
1158596
1158597
1158599
1158600
1158602
1158603
1158604
1158606
1158607
1158608
1158610
1158611
1158612
1158614
1158615
1158616
1158617
1158618
1158619
1158620
1158621
1158624
1158625
1158626
1158628
1158630
1158632
1158633
1158634
1158635
1158636
1158637
1158638
1158639
1158640
1158641
1158642
1158643
1158645
1158646
1158647
1158648
1158649
1158650
1158651
1158652
1158653
1158654
1158655
1158656
1158657
1158658
1158659
1158660
1158661
1158662
1158663
1158664
1158665
1158667
1158668
1158669
1158671
1158672
1158673
1158675
1158676
1158677
1158678
1158679
1158680
1158681
1158682
1158683
1158684
1158685
1158686
1158687
1158689
1158690
1158691
1158692
1158693
1158695
1158696
1158697
1158699
1158700
1158701
1158703
1158704
1158705
1158706
1158707
1158708
1158709
1158710
1158711
1158712
1158713
1158714
1158715
1158716
1158717
1158718
1158719
1158720
1158722
1158723
1158726
1158727
1158728
1158729
1158730
1158731
1158732
1158733
1158736
1158737
1158738
1158740
1158742
1158743
1158744
1158745
1158746
1158747
1158748
1158749
1158750
1158751
1158752
1158753
1158754
1158757
1158758
1158759
1158760
1158762
1158763
1158764
1158765
1158767
1158768
1158770
1158771
1158773
1158774
1158775
1158776
1158778
1158779
1158780
1158786
1158787
1158788
1158789
1158791
1158792
1158793
1158794
1158795
1158796
1158797
1158798
1158799
1158800
1158801
1158802
1158803
1158804
1158805
1158806
1158807
1158809
1158810
1158811
1158812
1158813
1158815
1158816
1158817
1158818
1158819
1158821
1158822
1158824
1158825
1158826
1158827
1158828
1158829
1158830
1158831
1158832
1158833
1158834
1158835
1158836
1158837
1158839
1158840
1158842
1158843
1158844
1158845
1158846
1158848
1158849
1158850
1158851
1158852
1158853
1158854
1158855
1158856
1158857
1158858
1158859
1158860
1158861
1158862
1158864
1158866
1158867
1158869
1158870
1158871
1158872
1158873
1158874
1158875
1158876
1158877
1158878
1158879
1158880
1158881
1158882
1158884
1158885
1158886
1158887
1158888
1158889
1158890
1158891
1158893
1158894
1158895
1158896
1158897
1158898
1158899
1158900
1158901
1158902
1158903
1158905
1158906
1158907
1158908
1158909
1158910
1158912
1158913
1158914
1158916
1158917
1158918
1158919
1158920
1158922
1158923
1158924
1158926
1158927
1158928
1158929
1158930
1158931
1158932
1158933
1158934
1158935
1158936
1158937
1158938
1158939
1158940
1158943
1158944
1158945
1158947
1158948
1158949
1158950
1158951
1158952
1158953
1158954
1158955
1158956
1158957
1158960
1158961
1158962
1158965
1158968
1158971
1158973
1158976
1158977
1158978
1158979
1158980
1158981
1158983
1158986
1158987
1158988
1158989
1158990
1158991
1158992
1158993
1158995
1158996
1158998
1158999
1159001
1159002
1159003
1159004
1159005
1159007
1159009
1159010
1159011
1159012
1159013
1159014
1159015
1159016
1159017
1159018
1159019
1159020
1159022
1159023
1159024
1159025
1159026
1159027
1159028
1159029
1159030
1159031
1159032
1159034
1159035
1159036
1159037
1159038
1159039
1159040
1159041
1159042
1159043
1159044
1159045
1159046
1159047
1159048
1159049
1159050
1159051
1159052
1159054
1159056
1159057
1159058
1159059
1159060
1159062
1159063
1159064
1159065
1159066
1159068
1159069
1159071
1159072
1159073
1159074
1159075
1159077
1159078
1159079
1159080
1159081
1159083
1159084
1159085
1159086
1159088
1159090
1159091
1159092
1159093
1159094
1159096
1159097
1159098
1159099
1159100
1159102
1159103
1159104
1159105
1159106
1159107
1159109
1159110
1159111
1159112
1159113
1159114
1159115
1159116
1159117
1159118
1159119
1159120
1159121
1159122
1159123
1159124
1159125
1159126
1159127
1159128
1159129
1159132
1159133
1159134
1159138
1159139
1159141
1159142
1159143
1159144
1159145
1159146
1159147
1159148
1159149
1159150
1159151
1159152
1159154
1159155
1159156
1159157
1159158
1159159
1159160
1159161
1159163
1159164
1159165
1159166
1159167
1159168
1159170
1159171
1159172
1159173
1159176
1159177
1159178
1159179
1159181
1159182
1159183
1159184
1159185
1159186
1159187
1159189
1159190
1159191
1159192
1159193
1159194
1159196
1159197
1159198
1159200
1159202
1159204
1159205
1159207
1159208
1159209
1159210
1159211
1159212
1159213
1159214
1159215
1159217
1159218
1159219
1159220
1159221
1159222
1159223
1159224
1159225
1159226
1159228
1159229
1159230
1159231
1159233
1159234
1159235
1159236
1159237
1159238
1159239
1159240
1159241
1159242
1159244
1159245
1159246
1159247
1159248
1159249
1159250
1159253
1159254
1159255
1159256
1159258
1159259
1159260
1159261
1159262
1159263
1159268
1159269
1159270
1159271
1159272
1159273
1159274
1159275
1159276
1159277
1159278
1159279
1159280
1159281
1159282
1159283
1159285
1159286
1159287
1159288
1159289
1159291
1159292
1159293
1159294
1159295
1159297
1159299
1159300
1159301
1159302
1159303
1159304
1159305
1159306
1159307
1159308
1159309
1159310
1159311
1159313
1159314
1159315
1159316
1159317
1159318
1159319
1159320
1159321
1159322
1159323
1159324
1159325
1159326
1159327
1159328
1159329
1159330
1159331
1159332
1159333
1159334
1159335
1159336
1159338
1159339
1159340
1159341
1159343
1159344
1159345
1159346
1159347
1159348
1159349
1159352
1159353
1159354
1159355
1159356
1159357
1159358
1159360
1159361
1159363
1159365
1159366
1159367
1159368
1159369
1159371
1159373
1159374
1159375
1159376
1159377
1159378
1159379
1159380
1159381
1159382
1159383
1159384
1159385
1159386
1159387
1159388
1159389
1159390
1159391
1159393
1159394
1159395
1159396
1159397
1159398
1159399
1159400
1159402
1159403
1159404
1159405
1159406
1159407
1159408
1159409
1159410
1159411
1159412
1159413
1159414
1159415
1159417
1159418
1159420
1159421
1159422
1159423
1159424
1159425
1159426
1159427
1159428
1159430
1159431
1159432
1159433
1159434
1159435
1159436
1159437
1159438
1159439
1159440
1159442
1159443
1159444
1159445
1159446
1159447
1159449
1159450
1159451
1159452
1159453
1159454
1159456
1159458
1159460
1159461
1159463
1159464
1159465
1159467
1159468
1159469
1159472
1159473
1159475
1159476
1159477
1159478
1159479
1159480
1159481
1159482
1159483
1159484
1159485
1159486
1159488
1159489
1159490
1159491
1159492
1159493
1159494
1159495
1159496
1159497
1159498
1159499
1159500
1159501
1159502
1159503
1159504
1159505
1159506
1159507
1159508
1159509
1159510
1159511
1159513
1159514
1159516
1159517
1159518
1159520
1159521
1159522
1159523
1159524
1159525
1159526
1159527
1159528
1159529
1159530
1159531
1159532
1159533
1159535
1159537
1159538
1159539
1159540
1159542
1159543
1159544
1159545
1159546
1159547
1159548
1159549
1159550
1159551
1159553
1159555
1159556
1159557
1159558
1159560
1159561
1159562
1159563
1159564
1159565
1159566
1159567
1159569
1159570
1159572
1159573
1159574
1159575
1159576
1159577
1159578
1159579
1159580
1159581
1159582
1159583
1159584
1159585
1159586
1159587
1159588
1159589
1159590
1159591
1159592
1159593
1159594
1159595
1159596
1159597
1159598
1159600
1159601
1159603
1159604
1159605
1159606
1159607
1159608
1159609
1159610
1159611
1159612
1159613
1159614
1159616
1159617
1159618
1159619
1159621
1159622
1159624
1159626
1159627
1159628
1159629
1159630
1159631
1159632
1159633
1159634
1159635
1159636
1159638
1159639
1159640
1159641
1159642
1159643
1159644
1159645
1159646
1159647
1159648
1159649
1159650
1159651
1159653
1159654
1159655
1159656
1159657
1159658
1159659
1159660
1159661
1159663
1159664
1159665
1159666
1159667
1159668
1159669
1159670
1159671
1159672
1159673
1159674
1159676
1159677
1159678
1159680
1159681
1159683
1159684
1159686
1159687
1159688
1159690
1159691
1159692
1159693
1159694
1159695
1159697
1159698
1159699
1159700
1159701
1159702
1159703
1159704
1159705
1159706
1159707
1159708
1159709
1159710
1159711
1159712
1159713
1159714
1159715
1159716
1159717
1159718
1159719
1159720
1159721
1159723
1159724
1159725
1159726
1159727
1159728
1159729
1159730
1159731
1159732
1159733
1159734
1159737
1159738
1159739
1159740
1159741
1159742
1159743
1159744
1159745
1159746
1159747
1159748
1159750
1159752
1159753
1159755
1159756
1159758
1159759
1159760
1159762
1159763
1159764
1159765
1159766
1159767
1159768
1159769
1159770
1159771
1159775
1159776
1159777
1159778
1159779
1159780
1159781
1159782
1159783
1159784
1159785
1159786
1159787
1159788
1159789
1159790
1159791
1159792
1159793
1159794
1159795
1159797
1159799
1159802
1159803
1159804
1159805
1159806
1159807
1159808
1159809
1159810
1159811
1159812
1159813
1159814
1159815
1159816
1159818
1159820
1159821
1159823
1159824
1159825
1159826
1159827
1159828
1159829
1159830
1159831
1159832
1159833
1159834
1159835
1159836
1159837
1159838
1159839
1159840
1159841
1159842
1159843
1159844
1159845
1159846
1159847
1159849
1159850
1159851
1159852
1159854
1159855
1159856
1159857
1159858
1159859
1159860
1159861
1159862
1159864
1159865
1159866
1159867
1159868
1159869
1159870
1159871
1159872
1159874
1159875
1159876
1159877
1159878
1159879
1159880
1159881
1159882
1159883
1159884
1159885
1159886
1159887
1159888
1159889
1159890
1159891
1159892
1159893
1159894
1159896
1159897
1159898
1159899
1159900
1159901
1159902
1159903
1159904
1159905
1159906
1159908
1159910
1159911
1159912
1159913
1159914
1159915
1159916
1159917
1159918
1159919
1159920
1159921
1159922
1159923
1159925
1159926
1159927
1159928
1159929
1159930
1159932
1159934
1159935
1159937
1159938
1159939
1159941
1159942
1159944
1159945
1159946
1159947
1159948
1159949
1159950
1159951
1159953
1159954
1159955
1159956
1159957
1159958
1159959
1159960
1159961
1159962
1159963
1159964
1159965
1159966
1159967
1159968
1159969
1159972
1159973
1159974
1159976
1159977
1159978
1159979
1159980
1159981
1159982
1159983
1159984
1159985
1159986
1159987
1159988
1159989
1159990
1159991
1159993
1159994
1159995
1159997
1159998
1160001
1160003
1160004
1160007
1160008
1160009
1160010
1160011
1160012
1160013
1160014
1160015
1160016
1160017
1160018
1160019
1160021
1160022
1160025
1160026
1160027
1160028
1160029
1160030
1160031
1160032
1160034
1160036
1160038
1160039
1160040
1160041
1160042
1160043
1160044
1160045
1160046
1160047
1160048
1160050
1160051
1160052
1160053
1160054
1160055
1160056
1160057
1160058
1160059
1160060
1160061
1160062
1160063
1160064
1160065
1160066
1160067
1160070
1160071
1160073
1160075
1160076
1160077
1160078
1160080
1160081
1160082
1160083
1160084
1160085
1160086
1160087
1160088
1160089
1160090
1160091
1160092
1160093
1160094
1160095
1160096
1160097
1160098
1160099
1160100
1160101
1160102
1160103
1160104
1160105
1160106
1160107
1160108
1160109
1160110
1160111
1160112
1160113
1160114
1160115
1160116
1160117
1160118
1160119
1160120
1160121
1160122
1160123
1160124
1160125
1160126
1160127
1160128
1160129
1160130
1160131
1160132
1160133
1160134
1160135
1160137
1160139
1160141
1160142
1160143
1160144
1160145
1160146
1160147
1160148
1160149
1160150
1160151
1160152
1160154
1160156
1160157
1160158
1160159
1160160
1160161
1160163
1160165
1160166
1160167
1160168
1160201
1160205
1160336
1160348
1160356
1160386
1164370
1164373
1164436
1164439
1164441
1164442
1164443
1164444
1164445
1164446
1164447
1164448
1164449
1164450
1164451
1164453
1164454
1164579
1164597
1164670
1164671
1164730
1164731
1165125
1165126
1165127
1165180
1165202
1165224
1165236
1165237
1165238
1165239
1165240
1165241
1165243
1165244
1165245
1165246
1165247
1165248
1165249
1165250
1165251
1165252
1165253
1165254
1165255
1165256
1165257
1165258
1165259
1165260
1165261
1165262
1165263
1165265
1165266
1165267
1165268
1165269
1165271
1165272
1165273
1165274
1165275
1165276
1165298
1165332
1165333
1170566
1170602
1170624
1170625
1170626
1170627
1170628
1170629
1170630
1170740
1170869
1170876
1170921
1170927
1171162
1171163
1171183
1171188
1171477
1171612
1171646
1171757
1171858
1171871
1172231
1172320
1172328
1173309
1173582
1173584
1173703
1173705
1173757
1173815
1173895
1173897
1174275
1174297
1174749
1174757
1174762
1174763
1174764
1174767
1174772
1174774
1174777
1174782
1174783
1174784
1175020
1175021
1175023
1175024
1175029
1175086
1175118
1175119
1175132
1175666
1175684
1175691
1175694
1175762
1176165
1176185
1176231
1176251
1176262
1176278
1176282
1176321
1176447
1176448
1176457
1176556
1176557
1176558
1176561
1176562
1176563
1176564
1176576
1176577
1176578
1176579
1176580
1176581
1176582
1176583
1176584
1176585
1176586
1176587
1176588
1176589
1176590
1176591
1176592
1176593
1176594
1176595
1176596
1176597
1176598
1176599
1176600
1176601
1176602
1176603
1176604
1176605
1176606
1176607
1176608
1176609
1176610
1176611
1176612
1176613
1176614
1176615
1176616
1176757
1176758
1176767
1176768
1176769
1176770
1176771
1176772
1176773
1176774
1176775
1176776
1176777
1176778
1176779
1176780
1176781
1176782
1176783
1176784
1176785
1176786
1176787
1176788
1176789
1176790
1176791
1176792
1176793
1176794
1176795
1176796
1176797
1176798
1176799
1176800
1176801
1176802
1176803
1176804
1176805
1176806
1176807
1176808
1176809
1176810
1176811
1176865
1176866
1176869
1176870
1176876
1176980
1176991
1177181
1177240
1177244
1177248
1177289
1177355
1177377
1177381
1177388
1177405
1177438
1177451
1177507
1177510
1177543
1177568
1177597
1177716
1177717
1177718
1177719
1177720
1177721
1177800
1177824
1178228
1178236
1178454
1178483
1178540
1178548
1178564
1178568
1178690
1178693
1178723
1178741
1178893
1178897
1178907
1178921
1178923
1178925
1178927
1178928
1178929
1178931
1178932
1178933
1178934
1178935
1178936
1178937
1178944
1178945
1178946
1178947
1178948
1178949
1178950
1178951
1178952
1178953
1178954
1178955
1178957
1178958
1178959
1178960
1178961
1178962
1178965
1178966
1178968
1178969
1178970
1178971
1178972
1178973
1178974
1178976
1178977
1178978
1178979
1178981
1178983
1178984
1178985
1178986
1178988
1178989
1178990
1178992
1178993
1178994
1178995
1178997
1178998
1179000
1179003
1179004
1179005
1179007
1179008
1179009
1179010
1179011
1179012
1179013
1179014
1179015
1179016
1179019
1179020
1179021
1179023
1179024
1179025
1179026
1179027
1179028
1179029
1179031
1179032
1179033
1179035
1179036
1179037
1179038
1179039
1179040
1179042
1179043
1179044
1179045
1179047
1179048
1179050
1179052
1179054
1179055
1179056
1179057
1179058
1179060
1179061
1179063
1179064
1179065
1179067
1179068
1179069
1179070
1179071
1179072
1179074
1179075
1179077
1179078
1179079
1179081
1179082
1179083
1179084
1179086
1179087
1179088
1179089
1179090
1179092
1179094
1179095
1179096
1179098
1179099
1179100
1179101
1179102
1179104
1179105
1179106
1179107
1179108
1179110
1179111
1179112
1179113
1179114
1179115
1179116
1179117
1179118
1179119
1179120
1179121
1179142
1179169
1179272
1179390
1179471
1179506
1179555
1179620
1179719
1179734
1179769
1179773
1179784
1179785
1179786
1179796
1179809
1179994
1180141
1180142
1180157
1180330
1180424
1180429
1180434
1180465
1180526
1180709
1180777
1180868
1180917
1180942
1180951
1181159
1181166
