1005810
1005852
1005901
1005985
1005992
1006202
1006279
1006286
1006300
1006307
1006314
1006524
1006531
1006538
1006545
1006552
1006559
1006566
1006573
1006580
1006587
1006867
1041118
1043890
1043946
1043995
1053697
1073318
1073374
1075061
1083370
1083377
1083384
1083405
1086723
1090405
1091546
1091630
1091665
1091672
1091679
1091686
1091693
1091700
1091707
1091714
1091721
1091728
1091735
1091742
1091749
1091756
1091763
1091770
1091777
1091826
1091868
1091889
1091896
1091910
1091917
1091924
1091931
1091938
1091945
1091952
1091959
1091966
1091973
1091980
1091987
1091994
1092001
1092008
1092015
1092204
1092260
1092330
1092337
1092351
1094310
1094861
1094898
1094899
1094909
1095113
1095143
1095181
1096153
1096154
1096155
1096300
1096697
1096836
1096876
1096900
1096908
1096920
1096953
1096957
1097286
1097520
1098416
1098423
1098439
1098501
1098575
1098785
1098868
1099114
1099117
1099132
1099145
1099386
1099510
1099511
1099519
1099530
1099535
1099537
1099541
1099542
1099543
1099544
1099642
1100159
1100220
1100223
1100290
1100292
1100294
1100296
1100299
1100301
1100306
1100308
1100316
1100329
1100357
1100438
1100463
1100491
1100668
1100865
1100866
1100867
1100868
1100869
1100908
1100918
1100955
1100958
1100971
1101034
1101057
1101095
1101096
1101179
1101240
1101443
1101468
1101469
1101492
1101516
1101520
1101713
1101732
1101926
1102004
1102036
1102054
1102103
1102130
1102152
1102160
1102225
1102228
1102229
1102314
1102383
1102386
1102416
1102417
1102460
1102521
1102631
1102632
1102708
1102753
1102881
1102894
1102923
1103009
1103041
1103112
1103115
1103150
1103289
1103305
1103488
1103513
1103539
1103755
1103756
1103757
1103758
1103759
1103760
1103761
1103762
1103790
1103894
1103991
1103992
1103993
1104020
1104138
1104636
1104656
1104700
1104701
1104702
1104860
1104865
1104897
1104978
1105352
1105390
1106345
1106347
1106349
1106370
1106399
1106509
1106556
1106603
1106640
1106830
1106866
1106880
1106939
1106940
1106960
1107043
1107044
1107045
1107046
1107103
1107259
1107508
1107712
1107754
1107826
1107923
1108037
1108082
1108185
1108186
1108187
1108188
1108189
1108190
1108191
1108192
1108193
1108194
1108195
1108196
1108197
1108198
1108199
1108200
1108244
1108440
1108474
1108487
1108538
1108547
1108592
1108763
1109049
1109117
1109470
1109471
1109620
1109621
1109622
1109623
1109675
1109831
1109832
1109833
1109859
1109957
1110186
1110433
1110582
1110583
1110584
1110585
1110667
1110811
1111131
1111193
1111284
1111410
1111681
1111744
1111886
1112090
1112093
1112125
1112126
1112147
1112150
1112249
1112273
1112399
1112444
1112572
1112750
1112782
1112818
1112828
1112829
1112830
1112887
1112964
1112965
1112966
1112967
1112968
1112969
1112971
1112972
1112973
1113155
1113156
1113174
1113175
1113216
1113229
1113259
1113390
1113579
1113601
1113632
1113639
1113806
1114026
1114061
1114249
1114332
1114550
1114557
1114573
1114601
1114634
1114639
1114658
1114664
1114752
1114761
1114766
1114772
1114778
1114780
1114787
1114801
1114823
1114826
1114858
1115048
1115130
1115201
1115566
1115761
1115764
1115793
1115985
1116281
1116436
1116446
1116448
1116450
1116458
1116459
1116462
1116464
1116466
1116468
1116503
1116505
1116506
1117647
1117649
1117702
1117703
1117704
1117705
1117706
1117707
1117708
1117709
1117710
1117711
1117712
1117713
1117714
1117715
1117716
1117717
1117718
1117719
1117720
1117721
1117722
1117723
1117724
1117725
1117727
1117728
1117729
1117730
1117731
1117732
1117733
1117734
1117735
1117736
1117737
1117739
1117741
1117742
1117743
1117744
1117746
1117747
1117748
1117749
1117750
1117751
1117752
1117753
1117754
1117755
1117757
1117758
1117759
1117760
1117761
1117762
1117763
1117764
1117765
1117766
1117767
1117768
1117769
1117770
1117771
1117772
1117786
1117787
1117788
1117789
1117790
1117791
1117792
1117793
1117794
1117795
1117796
1117797
1117798
1117799
1117800
1117801
1117824
1117840
1117852
1117884
1118226
1118260
1118280
1118302
1118314
1118315
1118318
1118319
1118320
1118321
1118322
1118323
1118324
1118326
1118345
1118346
1118347
1118348
1118349
1118371
1118376
1118441
1118442
1118448
1118503
1118518
1118575
1118592
1118594
1118915
1118961
1118990
1118991
1119173
1119189
1119190
1119195
1119209
1119267
1119275
1119301
1119303
1119304
1119305
1119306
1119307
1119308
1119309
1119317
1119318
1119319
1119320
1119321
1119322
1119324
1119325
1119326
1119328
1119329
1119330
1119369
1119499
1119566
1119598
1119599
1119619
1119687
1119688
1119691
1119705
1119709
1119710
1119715
1119745
1119748
1119868
1119891
1120690
1120696
1120697
1120698
1120801
1120812
1120911
1120912
1120913
1120915
1120917
1120918
1120919
1120920
1120921
1120922
1120923
1120924
1120925
1120926
1120927
1120928
1120929
1120930
1120931
1120932
1120933
1120934
1120938
1120939
1120944
1120945
1120946
1120947
1120954
1120955
1120970
1121040
1121043
1121044
1121116
1121117
1121777
1122054
1122141
1122148
1122149
1122150
1122151
1122152
1122153
1122154
1122155
1122156
1122157
1122158
1122159
1122160
1122161
1122162
1122163
1122164
1122166
1122167
1122168
1122169
1122170
1122172
1122174
1122175
1122181
1122182
1122183
1122184
1122185
1122186
1122187
1122193
1122208
1122235
1122284
1122285
1122286
1122289
1122292
1122293
1122294
1122295
1122296
1122297
1122298
1122299
1122303
1122304
1122305
1122307
1122308
1122310
1122311
1122313
1122316
1122334
1122348
1122349
1122350
1122466
1122467
1122478
1122495
1122502
1122503
1122531
1122552
1122579
1122601
1122614
1122624
1122643
1122646
1122648
1122649
1122650
1122656
1122659
1122680
1122681
1122682
1122683
1122684
1122686
1122687
1122688
1122689
1122690
1122714
1122734
1122751
1122787
1123156
1123189
1123190
1123253
1123254
1123255
1123256
1123257
1123258
1123259
1123260
1123261
1123263
1123264
1123265
1123266
1123267
1123268
1123269
1123270
1123271
1123272
1123274
1123275
1123276
1123277
1123278
1123279
1123280
1123281
1123282
1123283
1123284
1123285
1123286
1123287
1123288
1123289
1123290
1123291
1123292
1123293
1123294
1123295
1123296
1123297
1123298
1123299
1123300
1123301
1123302
1123303
1123304
1123305
1123306
1123307
1123308
1123309
1123310
1123311
1123312
1123313
1123314
1123315
1123316
1123317
1123318
1123319
1123340
1123344
1123557
1123673
1124035
1124209
1125414
1125717
1126069
1126089
1126161
1126435
1127676
1127898
1128355
1128356
1128357
1128358
1128359
1128360
1128361
1128362
1128363
1128364
1128365
1128366
1128367
1128368
1128369
1128370
1128371
1128372
1128696
1128922
1128927
1129606
1129684
1130165
1130244
1130410
1130411
1130448
1131974
1132376
1132545
1133012
1133213
1133453
1133454
1133455
1133458
1133459
1133462
1133482
1133485
1133525
1133532
1133539
1133541
1133761
1133821
1134123
1134244
1134381
1134388
1134410
1134484
1134687
1134711
1134764
1134788
1134958
1134966
1134976
1135164
1136176
1136214
1136909
1136946
1137367
1137448
1138067
1138296
1138421
1138422
1138551
1138570
1138591
1138607
1138628
1138661
1138674
1138708
1138851
1138882
1139013
1139062
1139074
1139192
1139908
1140821
1140822
1140823
1140824
1140825
1140826
1140827
1140828
1140829
1140830
1140831
1140832
1140833
1140834
1140835
1140836
1140838
1140839
1140840
1140841
1140878
1141066
1141226
1141432
1141433
1141445
1141627
1141629
1144645
1144741
1144864
1144953
1145219
1145266
1145267
1145296
1145893
1145922
1146257
1147201
1147277
1147531
1147547
1147560
1147568
1147614
1147952
1148257
1148325
1148716
1149037
1149047
1149600
1149643
1150022
1150178
1150188
1150220
1150402
1150481
1150484
1150520
1150622
1151093
1151094
1151114
1151131
1151198
1151214
1151215
1151217
1151716
1152114
1152115
1152116
1152118
1152121
1152123
1152124
1152125
1152128
1152140
1152169
1152170
1152171
1152298
1152592
1152645
1152648
1152725
1152895
1153825
1154030
1154033
1155169
1155174
1155175
1155219
1155268
1155269
1155270
1155272
1155273
1155274
1155668
1155669
1155670
1155671
1155672
1155673
1155681
1155682
1155686
1155687
1155692
1155693
1155694
1155695
1155697
1155700
1155701
1155703
1155704
1155705
1155706
1155707
1155708
1155709
1155710
1155711
1155712
1155713
1155714
1155715
1155716
1155717
1155718
1155719
1155720
1155721
1155722
1155723
1155724
1155725
1155726
1155727
1155728
1155729
1155730
1155731
1155732
1155733
1155734
1155735
1155736
1155737
1155738
1155739
1155740
1155741
1155742
1155743
1155744
1155745
1155746
1155747
1155748
1155749
1155750
1155751
1155752
1155753
1155761
1155974
1156488
1156489
1157172
1157221
1157245
1157249
1157270
1157359
1158167
1158183
1158199
1158201
1158204
1158214
1158253
1158312
1158486
1158487
1158488
1158489
1158498
1158506
1158507
1158546
1158547
1158958
1158969
1159534
1159552
1159568
1159992
1160164
1164371
1164437
1164438
1164440
1164567
1164674
1165242
1170758
1170759
1170789
1171006
1171212
1171426
1171640
1171747
1171797
1172333
1172356
1173485
1173690
1173714
1173756
1173816
1174231
1174741
1174748
1174750
1174751
1174756
1174758
1174759
1174760
1174761
1174765
1174768
1174769
1174770
1174771
1174773
1174775
1174776
1174778
1174779
1174780
1174785
1174786
1174990
1174991
1175685
1175838
1175921
1176186
1176246
1176263
1176309
1176422
1176560
1176568
1176569
1176570
1176571
1176572
1176573
1176574
1176575
1176759
1176760
1176761
1176762
1176763
1176764
1176765
1176766
1176812
1176813
1176814
1176815
1176816
1176817
1176818
1176819
1176820
1176821
1176822
1176823
1176824
1176825
1176826
1176827
1176828
1176829
1176830
1176831
1176832
1176833
1176834
1176835
1176836
1176837
1176838
1176839
1176840
1176841
1176842
1176843
1176844
1176845
1176846
1176847
1176848
1176849
1176850
1176851
1176852
1176853
1176854
1176855
1176856
1176857
1176858
1176859
1176860
1176861
1176862
1176863
1176864
1176941
1176948
1177058
1177242
1177448
1177499
1177730
1177737
1177759
1177826
1177827
1177828
1178360
1178361
1178416
1178441
1178502
1178600
1178924
1178926
1178930
1178938
1178939
1178940
1178941
1178942
1178943
1178956
1178964
1178967
1178975
1178980
1178982
1178987
1178991
1178996
1178999
1179001
1179002
1179006
1179017
1179018
1179022
1179030
1179034
1179041
1179046
1179049
1179051
1179053
1179059
1179062
1179066
1179073
1179076
1179080
1179085
1179091
1179093
1179097
1179103
1179109
1179170
1179201
1179373
1179391
1179469
1179484
