1005824
1005880
1005887
1005894
1091798
1091805
1092211
1095450
1096835
1097557
1099516
1107997
1115822
1117726
1117784
1117848
1118960
1119206
1119354
1122165
1122346
1122623
1122644
1122757
1122793
1123252
1123663
1130431
1130741
1130742
1130743
1130744
1130745
1130746
1130747
1130748
1130749
1130750
1130751
1130752
1130753
1130754
1130755
1130756
1133053
1133054
1134713
1134964
1138643
1138756
1139285
1140820
1141266
1141323
1144724
1144841
1145201
1151688
1152490
1152764
1153865
1153916
1155227
1155275
1155691
1155754
1156490
1156524
1157175
1157247
1158541
1158586
1158598
1158601
1158605
1158609
1158613
1158622
1158623
1158627
1158629
1158631
1158644
1158666
1158670
1158674
1158688
1158694
1158698
1158702
1158721
1158724
1158725
1158734
1158735
1158739
1158741
1158755
1158756
1158761
1158766
1158769
1158772
1158777
1158781
1158782
1158783
1158784
1158785
1158790
1158808
1158814
1158820
1158823
1158838
1158841
1158847
1158863
1158865
1158868
1158883
1158892
1158904
1158911
1158915
1158921
1158925
1158941
1158942
1158946
1158959
1158963
1158964
1158966
1158967
1158970
1158972
1158974
1158975
1158982
1158984
1158985
1158994
1158997
1159000
1159006
1159008
1159033
1159053
1159055
1159061
1159067
1159070
1159076
1159082
1159087
1159089
1159095
1159101
1159108
1159130
1159131
1159135
1159136
1159137
1159140
1159153
1159162
1159169
1159174
1159175
1159180
1159188
1159195
1159199
1159201
1159203
1159206
1159216
1159227
1159232
1159243
1159251
1159252
1159257
1159264
1159265
1159266
1159267
1159284
1159290
1159296
1159298
1159312
1159337
1159342
1159350
1159351
1159359
1159362
1159364
1159370
1159372
1159392
1159401
1159416
1159419
1159429
1159448
1159455
1159457
1159459
1159462
1159466
1159470
1159471
1159474
1159487
1159512
1159515
1159519
1159536
1159541
1159554
1159559
1159571
1159599
1159602
1159615
1159620
1159623
1159625
1159637
1159652
1159662
1159675
1159679
1159682
1159685
1159689
1159696
1159722
1159735
1159736
1159749
1159751
1159754
1159757
1159761
1159772
1159773
1159774
1159796
1159798
1159800
1159801
1159819
1159822
1159848
1159853
1159863
1159873
1159895
1159907
1159909
1159924
1159931
1159933
1159936
1159940
1159943
1159952
1159970
1159971
1159975
1159996
1159999
1160000
1160002
1160005
1160006
1160020
1160023
1160024
1160033
1160035
1160037
1160049
1160068
1160069
1160072
1160074
1160079
1160136
1160138
1160140
1160153
1160155
1160162
1160169
1160179
1164452
1164737
1165270
1170764
1171080
1171082
1171748
1171800
1171825
1174213
1174312
1174781
1175697
1176161
1176559
1176617
1176618
1176619
1176620
1176621
1176622
1176623
1176624
1176625
1176626
1176627
1176628
1176629
1176630
1176631
1176632
1176633
1176634
1176635
1176636
1176637
1176638
1176639
1176640
1176641
1176642
1176643
1176644
1176645
1176646
1176647
1176648
1176649
1176650
1176651
1176652
1176653
1176654
1176655
1176656
1176657
1176658
1176659
1176660
1176661
1176662
1176663
1176664
1176665
1176666
1176667
1176668
1176669
1176670
1176671
1176672
1176673
1176674
1176675
1176676
1176677
1176678
1176679
1176680
1176681
1176682
1176683
1176684
1176685
1176686
1176687
1176688
1176689
1176690
1176691
1176692
1176693
1176694
1176695
1176696
1176697
1176698
1176699
1176700
1176701
1176702
1176703
1176704
1176705
1176706
1176707
1176708
1176709
1176710
1176711
1176712
1176713
1176714
1176715
1176716
1176717
1176718
1176719
1176720
1176721
1176722
1176723
1176724
1176725
1176726
1176727
1176728
1176729
1176730
1176731
1176732
1176733
1176734
1176735
1176736
1176737
1176738
1176739
1176740
1176741
1176742
1176743
1176744
1176745
1176746
1176747
1176748
1176749
1176750
1176751
1176752
1176753
1176754
1176755
1176756
1178237
1178240
1178255
1178328
1178363
1178743
1179379
1179541
1179736
1180354
1180865
1180884
1180895
1180909
1180944
1181010
