1006034
1006265
1040824
1040880
1069363
1074123
1074844
1083391
1090314
1090958
1090965
1090972
1090979
1090986
1090993
1091000
1091007
1091014
1091021
1091028
1091035
1091042
1091049
1091056
1091063
1091070
1091077
1091084
1091091
1091098
1091105
1091112
1091119
1091126
1091133
1091140
1091147
1091154
1091161
1091168
1091175
1091182
1091189
1091196
1091203
1091210
1091217
1091224
1091231
1091238
1091245
1091252
1091259
1091266
1091273
1091483
1091539
1091588
1091819
1092162
1092169
1092183
1092190
1093697
1094782
1094785
1094852
1097404
1097405
1097406
1097407
1097408
1097440
1099101
1099520
1100304
1100317
1100976
1104706
1114492
1116507
1116508
1116509
1116510
1116511
1116512
1116513
1116514
1116515
1116516
1116517
1116518
1116519
1116520
1116521
1116522
1116523
1116524
1116525
1116526
1116527
1116528
1116529
1116530
1116531
1116532
1116533
1116534
1116535
1116536
1116537
1116538
1116539
1116540
1116541
1116542
1116543
1116544
1116545
1116546
1116547
1116548
1116549
1116550
1116551
1116552
1116553
1116554
1116555
1116556
1116557
1116558
1116559
1116560
1116561
1116562
1116563
1116564
1116565
1116566
1116567
1116568
1116569
1116570
1116571
1116572
1116573
1116574
1116575
1116576
1116577
1116578
1116579
1116580
1116581
1116582
1116583
1116584
1116585
1116586
1116587
1116588
1116589
1116590
1116591
1116592
1116593
1116594
1116595
1116596
1116597
1116598
1116599
1116600
1116601
1116602
1116603
1116604
1116605
1116606
1116607
1116608
1116609
1116610
1116611
1116612
1116613
1116614
1116615
1116616
1116617
1116618
1116619
1116620
1116621
1116622
1116623
1116624
1116625
1116626
1116627
1116628
1116629
1116630
1116631
1116632
1116633
1116634
1116635
1116636
1116637
1116638
1116639
1116640
1116641
1116642
1116643
1116644
1116645
1116646
1116647
1116648
1116649
1116650
1116651
1116652
1116653
1116654
1116655
1116656
1116657
1116658
1116659
1116660
1116661
1116662
1116663
1116664
1116665
1116666
1116667
1116668
1116669
1116670
1116671
1116672
1116673
1116674
1116675
1116676
1116677
1116678
1116679
1116680
1116681
1116682
1116683
1116684
1116685
1116686
1116687
1116688
1116689
1116690
1116691
1116692
1116693
1116694
1116695
1116696
1116697
1116698
1116699
1116700
1117329
1118344
1118640
1119271
1119407
1120598
1120727
1122043
1122256
1122756
1122775
1122777
1128200
1128314
1133850
1134411
1134665
1136937
1137091
1137821
1137838
1137908
1137917
1137926
1137943
1137957
1137999
1138057
1138192
1138282
1138391
1138428
1138573
1138630
1138641
1138653
1138705
1138707
1138764
1138835
1138848
1138849
1138870
1138873
1138893
1138937
1138988
1139002
1139162
1139191
1139223
1139227
1139274
1139448
1141033
1141042
1141054
1141060
1141068
1141069
1141084
1141092
1141100
1141106
1141129
1141135
1141139
1141146
1141156
1141160
1141172
1141206
1141215
1141240
1144669
1145980
1146043
1146492
1146532
1146717
1146807
1146876
1146877
1146881
1146931
1146940
1146953
1146964
1146970
1147006
1147132
1147611
1147615
1147980
1148048
1148254
1148258
1148520
1148560
1148582
1148622
1148631
1148632
1148637
1148695
1148717
1148725
1149010
1149012
1151143
1151710
1152299
1152586
1152612
1154230
1155765
1155817
1155845
1155859
1155882
1155904
1155975
1165190
1165304
1170821
1170885
1170887
1171003
1171060
1171061
1171149
1171410
1171631
1171632
1171764
1171803
1171836
1172330
1173535
1173874
1173975
1173980
1173983
1173985
1173986
1173987
1173988
1173989
1173990
1173991
1173992
1173993
1173994
1173995
1173996
1173997
1173998
1173999
1174000
1174001
1174002
1174004
1174005
1174006
1174007
1174483
1174735
1174978
1175025
1175026
1175076
1175111
1175112
1175113
1176952
1177755
1178356
1178393
1178682
1178887
1179642
1179741
1179794
1180351
1180360
1180751
1180846
1180933
1181520
