1040719
1091581
1091602
1092057
1095452
1100891
1100977
1101128
1101131
1101561
1101685
1101911
1102139
1102233
1102415
1102477
1102707
1103051
1103133
1103393
1103397
1103638
1103880
1104641
1105426
1105552
1105815
1106113
1106169
1106252
1106269
1106348
1106891
1106895
1107929
1107936
1108040
1108201
1108403
1108725
1108955
1109676
1109869
1109906
1109910
1109914
1110159
1110165
1110526
1110555
1110863
1111178
1111374
1111414
1111596
1112142
1112379
1112552
1112559
1112657
1112772
1112915
1113105
1113629
1113704
1113785
1113924
1113940
1114072
1114104
1114382
1114394
1114541
1114876
1115337
1115753
1115755
1116182
1116278
1118119
1118241
1118424
1118488
1118489
1118490
1119141
1122586
1127962
1130019
1130024
1133341
1134033
1136198
1136968
1136973
1138885
1139225
1139304
1139366
1139423
1141173
1144936
1144951
1145236
1145237
1146274
1146359
1147636
1147698
1147905
1150633
1152300
1157126
1164408
1164530
1165132
1173838
1174816
1176234
1177360
1178232
1178913
1179532
1179533
1179535
1179536
1179537
1179538
1179539
1179542
1179543
1179544
1179545
1180099
1180483
1180484
1180700
1180707
