1005173
1005215
1006825
1006853
1040768
1084595
1086681
1086688
1086695
1086702
1086709
1086716
1092456
1093709
1094790
1094897
1095310
1096665
1096667
1096889
1096943
1096951
1097436
1098576
1098783
1098870
1098969
1099115
1099181
1099641
1116437
1116438
1116441
1117933
1117934
1117935
1117936
1117937
1118413
1118478
1118521
1118725
1118733
1118962
1119165
1119221
1119225
1119229
1119259
1119360
1119417
1119460
1119463
1119718
1119767
1119781
1120728
1120950
1120953
1121082
1121772
1121921
1121940
1121979
1121980
1121981
1121982
1121983
1121984
1121985
1121986
1121987
1121988
1121989
1121990
1121991
1121992
1121993
1121994
1121995
1121996
1121997
1121998
1121999
1122000
1122001
1122002
1122003
1122004
1122005
1122006
1122007
1122008
1122009
1122010
1122011
1122012
1122013
1122014
1122015
1122016
1122017
1122018
1122019
1122020
1122021
1122022
1122023
1122024
1122025
1122026
1122027
1122028
1122179
1122358
1122359
1122360
1122361
1122363
1122364
1122595
1122796
1126057
1127795
1130285
1132463
1134746
1136940
1136967
1137371
1140809
1150660
1150661
1150662
1150663
1151100
1151111
1151218
1151219
1151223
1151224
1151225
1151226
1151643
1151644
1151648
1151649
1151650
1151651
1151653
1151655
1151701
1152619
1155678
1155679
1155963
1155964
1155965
1156452
1156453
1157169
1158307
1158527
1158549
1160392
1160393
1164127
1164129
1164139
1164144
1164146
1164389
1164458
1164468
1164483
1164508
1164534
1165134
1173435
1173594
1174269
1174270
1178877
