1006608
1043694
1056616
1056651
1091861
1092407
1094524
1094772
1096912
1096956
1096959
1097413
1097819
1098413
1099410
1099647
1118228
1118428
1118519
1118740
1119375
1119394
1119420
1119870
1121762
1122283
1122315
1122390
1122533
1122580
1123630
1123664
1127956
1132465
1136183
1141557
1148268
1150186
1150187
1151202
1151216
1154036
1154227
1157258
1158062
1165179
1171165
1171166
1171171
1171196
1171413
1171414
1171734
1173417
1173640
1176442
1177337
1178348
1178444
1179505
1179632
1179701
1180397
1180991
