1006664
1094495
1094781
1096666
1096838
1096854
1096868
1096892
1096895
1096896
1096897
1096909
1096919
1096960
1097914
1097999
1098407
1098800
1098867
1099659
1099660
1099661
1099662
1099663
1099664
1099665
1099666
1099667
1099668
1099669
1099670
1099671
1099672
1099673
1099674
1099675
1099676
1099677
1099678
1099679
1099680
1099681
1099682
1099683
1099684
1099685
1099686
1099687
1099688
1099689
1099690
1099691
1099692
1099693
1099694
1099695
1099696
1099697
1099698
1099699
1099700
1099701
1099702
1099703
1099704
1099705
1099706
1099707
1099708
1099709
1099710
1099711
1099712
1099713
1099714
1099715
1099716
1099717
1099718
1099719
1099720
1099721
1099722
1099723
1099724
1099725
1099726
1099727
1099728
1099729
1099730
1099731
1099732
1099733
1099734
1099735
1099736
1099737
1099738
1099739
1099740
1099741
1099742
1099743
1099744
1099745
1099746
1099747
1099748
1099749
1099750
1099751
1099752
1099753
1099754
1099755
1099756
1099757
1099758
1099759
1099760
1099761
1099762
1099763
1099764
1099765
1099766
1099767
1099768
1099769
1099770
1099771
1099772
1099773
1099774
1099775
1099776
1099777
1099778
1099779
1099780
1099781
1099782
1099783
1099784
1099785
1099786
1099787
1099788
1099789
1099790
1099791
1099792
1099793
1099794
1099795
1099796
1099797
1099798
1099799
1099800
1099801
1099802
1099803
1099804
1099805
1099806
1099807
1099808
1099809
1099810
1099811
1099812
1099813
1099814
1099815
1099816
1099817
1099818
1099819
1099820
1099821
1099822
1099823
1099824
1099825
1099826
1099827
1099828
1099829
1099830
1099831
1099832
1099833
1099834
1099835
1099836
1099837
1099838
1099839
1099840
1099841
1099842
1099843
1099844
1099845
1099846
1099847
1099848
1099849
1099850
1099851
1099852
1099853
1099854
1099855
1099856
1099857
1099858
1099859
1099860
1099861
1099862
1099863
1099864
1099865
1099866
1099867
1099868
1099869
1099870
1099871
1099872
1099873
1099874
1099875
1099876
1099877
1099878
1099879
1099880
1099881
1099882
1099883
1099884
1099885
1099886
1099887
1099888
1099889
1099890
1099891
1099892
1099893
1099894
1099895
1099896
1099897
1099898
1099899
1099900
1099901
1099902
1099903
1099904
1099905
1099906
1099907
1099908
1099909
1099910
1099911
1099912
1099913
1099914
1099915
1099916
1099917
1099918
1099919
1099920
1099921
1099922
1099923
1099924
1099925
1099926
1099927
1099928
1099929
1099930
1099931
1099932
1099933
1099934
1099935
1099936
1099937
1099938
1099939
1099940
1099941
1099942
1099943
1099944
1099945
1099946
1099947
1099948
1099949
1099950
1099951
1099952
1099953
1099954
1099955
1099956
1099957
1099958
1099959
1099960
1099961
1099962
1099963
1099964
1099965
1099966
1099967
1099968
1099969
1099970
1099971
1099972
1099973
1099974
1099975
1099976
1099977
1099978
1099979
1099980
1099981
1099982
1099983
1099984
1099985
1099986
1099987
1099988
1099989
1099990
1099991
1099992
1099993
1099994
1099995
1099996
1099997
1099998
1099999
1100000
1100001
1100002
1100003
1100004
1100005
1100006
1100007
1100008
1100009
1100010
1100011
1100012
1100013
1100014
1100015
1100016
1100017
1100018
1100019
1100020
1100021
1100022
1100023
1100024
1100025
1100026
1100027
1100028
1100029
1100030
1100031
1100032
1100033
1100034
1100035
1100036
1100037
1100038
1100039
1100040
1100041
1100042
1100043
1100044
1100045
1100046
1100047
1100048
1100049
1100050
1100051
1100052
1100053
1100054
1100055
1100056
1100057
1100058
1100059
1100060
1100061
1100062
1100063
1100064
1100065
1100066
1100067
1100068
1100069
1100070
1100071
1100072
1100073
1100074
1100075
1100076
1100077
1100078
1100079
1100080
1100081
1100082
1100083
1100084
1100085
1100086
1100087
1100088
1100089
1100090
1100091
1100092
1100093
1100094
1100095
1100096
1100097
1100098
1100099
1100100
1100101
1100102
1100103
1100104
1100105
1100106
1100107
1100108
1100109
1100110
1100111
1100112
1100113
1100114
1100115
1100116
1100117
1100118
1100119
1100120
1100121
1100122
1100123
1100124
1100125
1100126
1100127
1100128
1100129
1100130
1100131
1100132
1100133
1100134
1100135
1100136
1100137
1116443
1117825
1117891
1118580
1118591
1118649
1118739
1118741
1118978
1119227
1119416
1119424
1119428
1119447
1119462
1119776
1119869
1119871
1120279
1120376
1120377
1120378
1120379
1120380
1120381
1120382
1120394
1121840
1121967
1122504
1123350
1127820
1127878
1127881
1130412
1130413
1130414
1130443
1134182
1134183
1134191
1134192
1134193
1134194
1134195
1137461
1137469
1138725
1138726
1138727
1138728
1138729
1138730
1138731
1138887
1141291
1148271
1148272
1148273
1148274
1148275
1148276
1148277
1148278
1148279
1148280
1148281
1148282
1148283
1148284
1148285
1148286
1148287
1148288
1148289
1148290
1148291
1148292
1148293
1148294
1148295
1148296
1148297
1148298
1148299
1148300
1148301
1148302
1148981
1150179
1150185
1150457
1150478
1151097
1151158
1152165
1152166
1152444
1152452
1152614
1152616
1152617
1152621
1152699
1152721
1152722
1152737
1153203
1153204
1153820
1153866
1153891
1153893
1153896
1155177
1155953
1155962
1156022
1156497
1156508
1156539
1156540
1156541
1156542
1156543
1156544
1156545
1156546
1156547
1156548
1156549
1156550
1156551
1156552
1156553
1156554
1156555
1156556
1156557
1156558
1156559
1156560
1156561
1156562
1156563
1156564
1156565
1156566
1156567
1156568
1156569
1156570
1156571
1156572
1156573
1156574
1156575
1156576
1156577
1156578
1156579
1156580
1156581
1156582
1156583
1156584
1156585
1156586
1156587
1156588
1156589
1156590
1156591
1156592
1156593
1156594
1156595
1156596
1156597
1156598
1156599
1156600
1156601
1156602
1156603
1156604
1156605
1156606
1156607
1156608
1156609
1156610
1156611
1156612
1156613
1156614
1156615
1156616
1156617
1156618
1156619
1156620
1156621
1156622
1156623
1156624
1156625
1156626
1156627
1156628
1156629
1156630
1156631
1156632
1156633
1156634
1156635
1156636
1156637
1156638
1156639
1156640
1156641
1156642
1156643
1156644
1156645
1156646
1156647
1156648
1156649
1156650
1156651
1156652
1156653
1156654
1156655
1156656
1156657
1156658
1156659
1156660
1156661
1156662
1156663
1156664
1156665
1156666
1156667
1156668
1156669
1156670
1156671
1156672
1156673
1156674
1156675
1156676
1156677
1156678
1156679
1156680
1156681
1156682
1156683
1156684
1156685
1156686
1156687
1156688
1156689
1156690
1156691
1156692
1156693
1156694
1156695
1156696
1156697
1156698
1156699
1156700
1156701
1156702
1156703
1156704
1156705
1156706
1156707
1156708
1156709
1156710
1156711
1156712
1156713
1156714
1156715
1156716
1156717
1156718
1156719
1156720
1156721
1156722
1156723
1156724
1156725
1156726
1156727
1156728
1156729
1156730
1156731
1156732
1156733
1156734
1156735
1156736
1156737
1156738
1156739
1156740
1156741
1156742
1156743
1156744
1156745
1156746
1156747
1156748
1156749
1156750
1156751
1156752
1156753
1156754
1156755
1156756
1156757
1156758
1156759
1156760
1156761
1156762
1156763
1156764
1156765
1156766
1156767
1156768
1156769
1156770
1156771
1156772
1156773
1156774
1156775
1156776
1156777
1156778
1156779
1156780
1156781
1156782
1156783
1156784
1156785
1156786
1156787
1156788
1156789
1156790
1156791
1156792
1156793
1156794
1156795
1156796
1156797
1156798
1156799
1156800
1156801
1156802
1156803
1156804
1156805
1156806
1156807
1156808
1156809
1156810
1156811
1156812
1156813
1156814
1156815
1156816
1156817
1156818
1156819
1156820
1156821
1156822
1156823
1156824
1156825
1156826
1156827
1156828
1156829
1156830
1156831
1156832
1156833
1156834
1156835
1156836
1156837
1156838
1156839
1156840
1156841
1156842
1156843
1156844
1156845
1156846
1156847
1156848
1156849
1156850
1156851
1156852
1156853
1156854
1156855
1156856
1156857
1156858
1156859
1156860
1156861
1156862
1156863
1156864
1156865
1156866
1156867
1156868
1156869
1156870
1156871
1156872
1156873
1156874
1156875
1156876
1156877
1156878
1156879
1156880
1156881
1156882
1156883
1156884
1156885
1156886
1156887
1156888
1156889
1156890
1156891
1156892
1156893
1156894
1156895
1156896
1156897
1156898
1156899
1156900
1156901
1156902
1156903
1156904
1156905
1156906
1156907
1156908
1156909
1156910
1156911
1156912
1156913
1156914
1156915
1156916
1156917
1156918
1156919
1156920
1156921
1156922
1156923
1156924
1156925
1156926
1156927
1156928
1156929
1156930
1156931
1156932
1156933
1156934
1156935
1156936
1156937
1156938
1156939
1156940
1156941
1156942
1156943
1156944
1156945
1156946
1156947
1156948
1156949
1156950
1156951
1156952
1156953
1156954
1156955
1156956
1156957
1156958
1156959
1156960
1156961
1156962
1156963
1156964
1156965
1156966
1156967
1156968
1156969
1156970
1156971
1156972
1156973
1156974
1156975
1156976
1156977
1156978
1156979
1156980
1156981
1156982
1156983
1156984
1156985
1156986
1156987
1156988
1156989
1156990
1156991
1156992
1156993
1156994
1156995
1156996
1156997
1156998
1156999
1157000
1157001
1157002
1157003
1157004
1157005
1157006
1157007
1157008
1157009
1157010
1157011
1157012
1157013
1157014
1157015
1157016
1157017
1157018
1157019
1157020
1157021
1157022
1157023
1157024
1157025
1157026
1157027
1157028
1157029
1157030
1157031
1157032
1157033
1157034
1157035
1157036
1157037
1157038
1157039
1157040
1157041
1157042
1157043
1157044
1157045
1157046
1157047
1157048
1157049
1157050
1157051
1157052
1157053
1157054
1157055
1157056
1157057
1157058
1157059
1157060
1157061
1157062
1157063
1157064
1157065
1157066
1157067
1157068
1157069
1157070
1157071
1157072
1157073
1157074
1157075
1157076
1157077
1157078
1157079
1157080
1157081
1157082
1157083
1157084
1157085
1157086
1157087
1157088
1157089
1157090
1157091
1157092
1157093
1157094
1157095
1157096
1157097
1157098
1157099
1157100
1157101
1157102
1157103
1157104
1157105
1157106
1157107
1157108
1157109
1157120
1157185
1157186
1157226
1157248
1157325
1157327
1158145
1158147
1158156
1158157
1158158
1158159
1158162
1158163
1158164
1158165
1158178
1158179
1158503
1160200
1160204
1160207
1160223
1160224
1160228
1160229
1160235
1160239
1160240
1160241
1160242
1160244
1160245
1160246
1160248
1160249
1160251
1160252
1160253
1160256
1160257
1160259
1160260
1160262
1160263
1160264
1160265
1160269
1160270
1160271
1160272
1160273
1160274
1160279
1160284
1160285
1160286
1163846
1164128
1164383
1164385
1164422
1164456
1164457
1164459
1164460
1164462
1164463
1164464
1164465
1164466
1164467
1164469
1164471
1164472
1164473
1164474
1164475
1164476
1164478
1164479
1164480
1164481
1164484
1164485
1164486
1164487
1164488
1164489
1164490
1164491
1164492
1164493
1164495
1164496
1164497
1164498
1164499
1164500
1164502
1164503
1164504
1164505
1164506
1164507
1164510
1164511
1164512
1164513
1164514
1164515
1164516
1164517
1164518
1164519
1164520
1164521
1164522
1164523
1164524
1164525
1164526
1164527
1164535
1164536
1164537
1164538
1164539
1164540
1164541
1164542
1164543
1164544
1164545
1164548
1164574
1164724
1164725
1165144
1165191
1165192
1165341
1170499
1170500
1170590
1170599
1170601
1170603
1170604
1170605
1170606
1170607
1170608
1170609
1170610
1170611
1170618
1170619
1170620
1170622
1170644
1170646
1170884
1170990
1171063
1171269
1171270
1171271
1171273
1171274
1171773
1171775
1171776
1171778
1171779
1171780
1171781
1171782
1171785
1171839
1171840
1171841
1171842
1171843
1171847
1171848
1171849
1171850
1171851
1171866
1172329
1173577
1173691
1173692
1173693
1173766
1173921
1174268
1174277
1174286
1174305
1174400
1174525
1174561
1175110
1175133
1175134
1175135
1175136
1175137
1175138
1175139
1175140
1175141
1175142
1175143
1175144
1175145
1175146
1175147
1175148
1175149
1175150
1175151
1175152
1175153
1175154
1175155
1175156
1175157
1175158
1175159
1175160
1175161
1175162
1175163
1175164
1175165
1175166
1175167
1175168
1175169
1175170
1175171
1175172
1175173
1175174
1175175
1175176
1175177
1175178
1175179
1175180
1175181
1175182
1175183
1175184
1175185
1175186
1175187
1175188
1175189
1175190
1175191
1175192
1175193
1175194
1175195
1175196
1175197
1175198
1175199
1175200
1175201
1175202
1175203
1175204
1175205
1175206
1175207
1175208
1175209
1175210
1175211
1175212
1175213
1175214
1175215
1175216
1175217
1175218
1175219
1175220
1175221
1175222
1175223
1175224
1175225
1175226
1175227
1175228
1175229
1175230
1175231
1175232
1175233
1175234
1175235
1175236
1175237
1175238
1175239
1175240
1175241
1175242
1175243
1175244
1175245
1175246
1175247
1175248
1175249
1175250
1175251
1175252
1175253
1175254
1175255
1175256
1175257
1175258
1175259
1175260
1175261
1175262
1175263
1175264
1175265
1175266
1175267
1175268
1175269
1175270
1175271
1175272
1175273
1175274
1175275
1175276
1175277
1175278
1175279
1175280
1175281
1175282
1175283
1175284
1175285
1175286
1175287
1175288
1175289
1175290
1175291
1175292
1175293
1175294
1175295
1175296
1175297
1175298
1175299
1175300
1175301
1175302
1175303
1175304
1175305
1175306
1175307
1175308
1175309
1175310
1175311
1175312
1175313
1175314
1175315
1175316
1175317
1175318
1175319
1175320
1175321
1175322
1175323
1175324
1175325
1175326
1175327
1175328
1175329
1175330
1175331
1175332
1175333
1175334
1175335
1175336
1175337
1175338
1175339
1175340
1175341
1175342
1175343
1175344
1175345
1175346
1175347
1175348
1175349
1175350
1175351
1175352
1175353
1175354
1175355
1175356
1175357
1175358
1175359
1175360
1175361
1175362
1175363
1175364
1175365
1175366
1175367
1175368
1175369
1175370
1175371
1175372
1175373
1175374
1175375
1175376
1175377
1175378
1175379
1175380
1175381
1175382
1175383
1175384
1175385
1175386
1175387
1175388
1175389
1175390
1175391
1175392
1175393
1175394
1175395
1175396
1175397
1175398
1175399
1175400
1175401
1175402
1175403
1175404
1175405
1175406
1175407
1175408
1175409
1175410
1175411
1175412
1175413
1175414
1175415
1175416
1175417
1175418
1175419
1175420
1175421
1175422
1175423
1175424
1175425
1175426
1175427
1175428
1175429
1175430
1175431
1175432
1175433
1175434
1175435
1175436
1175437
1175438
1175439
1175440
1175441
1175442
1175443
1175444
1175445
1175446
1175447
1175448
1175449
1175450
1175451
1175452
1175453
1175454
1175455
1175456
1175457
1175458
1175459
1175460
1175461
1175462
1175463
1175464
1175465
1175466
1175467
1175468
1175469
1175470
1175471
1175472
1175473
1175474
1175475
1175476
1175477
1175478
1175479
1175480
1175481
1175482
1175483
1175484
1175485
1175486
1175487
1175488
1175489
1175490
1175491
1175492
1175493
1175494
1175495
1175496
1175497
1175498
1175499
1175500
1175501
1175502
1175503
1175504
1175505
1175506
1175507
1175508
1175509
1175510
1175511
1175512
1175513
1175514
1175515
1175516
1175517
1175518
1175519
1175520
1175521
1175522
1175523
1175524
1175525
1175526
1175527
1175528
1175529
1175530
1175531
1175532
1175533
1175534
1175535
1175536
1175537
1175538
1175539
1175540
1175541
1175542
1175543
1175544
1175545
1175546
1175547
1175548
1175549
1175550
1175551
1175552
1175553
1175554
1175555
1175556
1175557
1175558
1175559
1175560
1175561
1175562
1175563
1175564
1175565
1175566
1175567
1175568
1175569
1175570
1175571
1175572
1175573
1175574
1175575
1175576
1175577
1175578
1175579
1175580
1175581
1175582
1175583
1175584
1175585
1175586
1175587
1175588
1175589
1175590
1175591
1175592
1175593
1175594
1175595
1175596
1175597
1175598
1175599
1175600
1175601
1175602
1175603
1175604
1175605
1175606
1175607
1175608
1175609
1175610
1175611
1175612
1175613
1175614
1175615
1175616
1175617
1175618
1175619
1175620
1175621
1175622
1175623
1175624
1175625
1175626
1175627
1175628
1175629
1175630
1175631
1175632
1175633
1175634
1175635
1175636
1175637
1175638
1175639
1175640
1175641
1175642
1175643
1175644
1175645
1175646
1175647
1175648
1175649
1175650
1175651
1175652
1175653
1175654
1175655
1175656
1175657
1175658
1175659
1175660
1175661
1175699
1175760
1175812
1176206
1176226
1176247
1176551
1177000
1177009
1177034
1177194
1177195
1177196
1177197
1177198
1177199
1177524
1177538
1178341
1178342
1178346
1178349
1178392
1178394
1178395
1178494
1178551
1178736
1178737
1178738
1178739
