1076860
1092176
1094895
1095442
1095443
1096929
1117828
1120391
1120393
1121068
1121073
1121810
1121878
1122458
1122501
1127678
1134246
1136941
1141269
1148051
1150566
1150567
1150583
1150587
1152498
1152618
1152620
1152869
1152870
1153167
1153168
1153183
1153892
1153894
1154238
1156499
1156501
1157294
1158193
1160366
1163837
1163838
1165119
1165120
1165175
1165176
1165177
1165196
1170695
1170696
1170778
1170844
1171079
1171164
1171168
1171169
1171170
1171172
1171175
1171176
1171177
1171897
1172358
1172359
1172360
1172361
1172362
1172364
1172365
1172366
1172367
1172368
1172369
1172370
1172371
1172372
1172373
1172374
1172375
1172376
1172377
1172378
1172379
1172380
1172381
1172382
1172383
1172384
1172385
1172386
1172387
1172388
1172389
1172390
1172391
1172392
1172393
1172394
1172395
1172396
1172397
1172398
1172399
1172400
1172401
1172402
1172403
1172404
1172405
1172406
1172407
1172408
1172409
1172410
1172411
1172412
1172413
1172414
1172415
1172416
1172417
1172418
1172419
1172420
1172421
1172422
1172423
1172424
1172425
1172426
1172427
1172428
1172429
1172430
1172431
1172432
1172433
1172434
1172435
1172436
1172437
1172438
1172439
1172440
1172441
1172442
1172443
1172444
1172445
1172446
1172447
1172448
1172449
1172450
1172451
1172452
1172453
1172454
1172455
1172456
1172457
1172458
1172460
1172461
1172462
1172463
1172464
1172465
1172466
1172467
1172468
1172469
1172470
1172471
1172472
1172473
1172474
1172475
1172476
1172477
1172478
1172479
1172480
1172481
1172482
1172483
1172484
1172485
1172486
1172487
1172488
1172489
1172490
1172491
1172492
1172493
1172494
1172495
1172496
1172497
1172498
1172499
1172500
1172501
1172502
1172503
1172504
1172505
1172506
1172507
1172508
1172509
1172510
1172511
1172512
1172513
1172514
1172515
1172516
1172517
1172518
1172519
1172520
1172521
1172522
1172523
1172524
1172525
1172526
1172527
1172528
1172529
1172530
1172531
1172532
1172533
1172534
1172535
1172536
1172537
1172538
1172539
1172540
1172541
1172542
1172543
1172544
1172545
1172546
1172547
1172548
1172549
1172550
1172551
1172552
1172553
1172554
1172555
1172556
1172557
1172558
1172559
1172560
1172561
1172562
1172563
1172564
1172565
1172566
1172567
1172568
1172569
1172570
1172571
1172572
1172573
1172574
1172575
1172576
1172577
1172578
1172579
1172580
1172581
1172582
1172583
1172584
1172585
1172586
1172587
1172588
1172589
1172590
1172591
1172592
1172593
1172594
1172595
1172596
1172597
1172598
1172599
1172600
1172601
1172602
1172603
1172604
1172605
1172606
1172607
1172608
1172609
1172610
1172611
1172612
1172613
1172614
1172615
1172616
1172617
1172618
1172619
1172620
1172621
1172622
1172623
1172624
1172625
1172626
1172627
1172628
1172629
1172630
1172631
1172632
1172633
1172634
1172635
1172636
1172637
1172638
1172639
1172640
1172641
1172642
1172643
1172644
1172645
1172646
1172647
1172648
1172649
1172650
1172651
1172652
1172653
1172654
1172655
1172656
1172657
1172658
1172659
1172660
1172661
1172662
1172663
1172664
1172665
1172666
1172667
1172668
1172669
1172670
1172671
1172672
1172673
1172674
1172675
1172676
1172677
1172678
1172679
1172680
1172681
1172682
1172683
1172684
1172685
1172686
1172687
1172688
1172689
1172690
1172691
1172692
1172693
1172694
1172695
1172696
1172697
1172698
1172699
1172700
1172701
1172702
1172703
1172704
1172705
1172706
1172707
1172708
1172709
1172710
1172711
1172712
1172713
1172714
1172715
1172716
1172717
1172718
1172719
1172720
1172721
1172722
1172723
1172724
1172725
1172726
1172727
1172728
1172729
1172730
1172731
1172732
1172733
1172734
1172735
1172736
1172737
1172738
1172739
1172740
1172741
1172742
1172743
1172744
1172745
1172746
1172747
1172748
1172749
1172750
1172751
1172752
1172753
1172754
1172755
1172756
1172757
1172758
1172759
1172760
1172761
1172762
1172763
1172764
1172765
1172766
1172767
1172768
1172769
1172770
1172771
1172772
1172773
1172774
1172775
1172776
1172777
1172778
1172779
1172780
1172781
1172782
1172783
1172784
1172785
1172786
1172787
1172788
1172789
1172790
1172791
1172792
1172793
1172794
1172795
1172796
1172797
1172798
1172799
1172800
1172801
1172802
1172803
1172804
1172805
1172806
1172807
1172808
1172809
1172810
1172811
1172812
1172813
1172814
1172815
1172816
1172817
1172818
1172819
1172820
1172821
1172822
1172823
1172824
1172825
1172826
1172827
1172828
1172829
1172830
1172831
1172832
1172833
1172834
1172835
1172836
1172837
1172838
1172839
1172840
1172841
1172842
1172843
1172844
1172845
1172846
1172847
1172848
1172849
1172850
1172851
1172852
1172853
1172854
1172855
1172856
1172857
1172858
1172859
1172860
1172861
1172862
1172863
1172864
1172865
1172866
1172867
1172868
1172869
1172870
1172871
1172872
1172873
1172874
1172875
1172876
1172877
1172878
1172879
1172880
1172881
1172882
1172883
1172884
1172885
1172886
1172887
1172888
1172889
1172890
1172891
1172892
1172893
1172894
1172895
1172896
1172897
1172898
1172899
1172900
1172901
1172902
1172903
1172904
1172905
1172906
1172907
1172908
1172909
1172910
1172911
1172912
1172913
1172914
1172915
1172916
1172917
1172918
1172919
1172920
1172921
1172922
1172923
1172924
1172925
1172926
1172927
1172928
1172929
1172930
1172931
1172932
1172933
1172934
1172935
1172936
1172937
1172938
1172939
1172940
1172941
1172942
1172943
1172944
1172945
1172946
1172947
1172948
1172949
1172951
1172952
1172953
1172954
1172955
1172956
1172957
1172958
1172959
1172960
1172961
1172962
1172963
1172964
1172965
1172966
1172967
1172968
1172969
1172970
1172971
1172972
1172973
1172974
1172975
1172976
1172977
1172978
1172979
1172980
1172981
1172982
1172983
1172984
1172985
1172986
1172987
1172988
1172989
1172990
1172991
1172992
1172993
1172994
1172995
1172996
1172997
1172998
1172999
1173000
1173001
1173002
1173003
1173004
1173005
1173006
1173007
1173008
1173009
1173010
1173011
1173012
1173013
1173014
1173015
1173016
1173017
1173018
1173019
1173020
1173021
1173022
1173023
1173024
1173025
1173026
1173027
1173028
1173029
1173030
1173031
1173032
1173033
1173034
1173035
1173036
1173037
1173038
1173039
1173040
1173041
1173042
1173043
1173044
1173045
1173046
1173047
1173048
1173049
1173050
1173051
1173052
1173053
1173054
1173055
1173056
1173057
1173058
1173059
1173060
1173061
1173062
1173063
1173064
1173065
1173066
1173067
1173068
1173069
1173070
1173071
1173072
1173073
1173074
1173075
1173076
1173077
1173078
1173079
1173080
1173081
1173082
1173083
1173084
1173085
1173086
1173087
1173088
1173089
1173090
1173091
1173092
1173093
1173094
1173095
1173096
1173097
1173098
1173099
1173100
1173101
1173102
1173103
1173104
1173105
1173106
1173107
1173108
1173109
1173110
1173111
1173112
1173113
1173114
1173115
1173116
1173117
1173118
1173119
1173120
1173121
1173122
1173123
1173124
1173125
1173126
1173127
1173128
1173129
1173130
1173131
1173132
1173133
1173134
1173135
1173136
1173137
1173138
1173139
1173140
1173141
1173142
1173143
1173144
1173145
1173146
1173147
1173148
1173149
1173150
1173151
1173152
1173153
1173154
1173155
1173156
1173157
1173158
1173159
1173160
1173161
1173162
1173163
1173164
1173165
1173166
1173167
1173168
1173169
1173170
1173171
1173172
1173173
1173174
1173175
1173176
1173177
1173178
1173179
1173180
1173181
1173182
1173183
1173184
1173185
1173186
1173187
1173188
1173189
1173190
1173191
1173192
1173193
1173194
1173195
1173196
1173197
1173198
1173199
1173201
1173202
1173203
1173204
1173205
1173206
1173207
1173208
1173209
1173210
1173211
1173212
1173213
1173214
1173215
1173216
1173217
1173218
1173219
1173220
1173221
1173222
1173224
1173225
1173227
1173228
1173233
1173234
1173236
1173237
1173238
1173239
1173240
1173241
1173242
1173244
1173245
1173246
1173247
1173248
1173249
1173251
1173252
1173253
1173254
1173255
1173285
1173286
1173287
1173288
1173289
1173290
1173291
1173292
1173293
1173294
1173295
1173296
1173297
1173537
1173698
1174649
1176430
1176431
1176433
1176434
1176435
1176436
1176437
1176438
1176439
1176440
1177177
1177178
1178623
1178624
1178625
1179578
1179579
1179580
1179581
1179582
1180377
1180379
1180419
1180494
1180580
1180581
1180716
1181052
1181435
1181436
1186358
