1171409
1171434
1171435
1171436
1171437
1171438
1171439
1171440
1171441
1171442
1171443
1171444
1171445
1171446
1171447
1171448
1171449
1171450
1171451
1171452
1171453
1171454
1171455
1171456
1171457
1171458
1171459
1171460
1171461
1171462
1171463
1171464
1171465
1171466
1171467
1171468
1171469
1171470
1171471
1171472
1171473
1171474
1171475
1171476
1171478
1171479
1171480
1171481
1171482
1171483
1171484
1171485
1171486
1171487
1171488
1171489
1171490
1171491
1171492
1171493
1171494
1171495
1171496
1171497
1171498
1171499
1171500
1171501
1171502
1171503
1171504
1171505
1171506
1171507
1171508
1171510
1171511
1171512
1171513
1171514
1171515
1171516
1171517
1171518
1171519
1171520
1171521
1171522
1171523
1171524
1171525
1171526
1171527
1171528
1171529
1171530
1171531
1171532
1171533
1171534
1171535
1171536
1171537
1171538
1171539
1171540
1171541
1171542
1171543
1171544
1171545
1171546
1171547
1171548
1171549
1171550
1171551
1171552
1171553
1171554
1171555
1171556
1171557
1171558
1171559
1171560
1171561
1171562
1171563
1171564
1171565
1171566
1171567
1171568
1171569
1171570
1171571
1171572
1171574
1171575
1171576
1171577
1171578
1171579
1171580
1171581
1171582
1171583
1171584
1171585
1171586
1171587
1171588
1171589
1171590
1171591
1171592
1171593
1171594
1171595
1171596
1171597
1171598
1171726
1171727
1171728
1171730
1171731
1171732
1171733
1171735
1171736
1171737
1171738
1171739
1171783
1171880
1173284
1173598
1173599
1173600
1173601
1173602
1173603
1173604
1173606
1173607
1173608
1173609
1173610
1173611
1173612
1173613
1173614
1173615
1173616
1173617
1173618
1173619
1173620
1173621
1173622
1173623
1173624
1173625
1173626
1173627
1173628
1173629
1173630
1173631
1173632
1173634
1173635
1173636
1173637
1173638
1173639
1173694
1174755
1174826
1175698
1175700
1176285
1176958
1176959
1177048
1177192
1178503
1179459
1180185
1180537
1180538
1180539
1180540
1180698
1180719
1180724
1180725
1180726
1180727
1180729
1180730
