1006692
1040831
1093850
1094499
1094502
1094507
1094821
1094822
1094823
1094824
1094825
1094826
1094827
1094828
1094829
1094830
1094831
1094832
1095140
1096853
1096864
1096877
1096888
1096893
1096927
1097073
1101613
1102940
1103235
1104166
1105365
1105432
1106298
1106735
1107004
1107130
1107140
1107976
1108044
1108113
1109124
1109167
1110517
1112058
1112679
1112752
1114296
1114317
1114400
1114898
1115737
1115778
1118259
1118352
1118355
1118356
1118357
1118358
1118359
1118360
1118361
1118362
1118363
1118364
1118365
1118366
1118367
1119178
1119181
1119193
1119194
1119196
1119197
1119198
1119282
1119381
1119382
1119383
1119384
1119385
1119386
1119387
1120601
1121784
1122118
1122119
1122121
1122122
1122123
1122124
1122125
1122126
1122127
1122128
1122129
1122130
1122131
1122132
1123662
1126120
1126121
1126122
1126123
1127803
1127804
1128928
1128929
1128930
1128931
1128932
1128933
1128934
1128935
1128936
1128937
1128938
1128939
1130272
1130273
1130274
1132461
1133799
1133800
1133801
1133802
1133803
1133804
1133805
1133806
1133807
1133808
1133809
1133810
1133811
1133812
1133813
1133814
1133815
1133816
1133817
1134706
1135224
1135225
1140116
1141554
1141555
1141556
1144729
1145270
1152724
1152736
1155620
1155655
1157163
1157164
1157165
1157166
1157167
1157168
1157211
1157212
1157300
1157335
1158059
1158064
1158071
1158170
1158171
1158172
1158173
1158174
1158175
1158176
1158177
1158202
1160233
1160275
1160276
1160278
1160291
1160292
1160296
1160297
1160298
1160299
1160349
1160350
1160351
1164406
1165121
1171103
1171104
1171422
1171425
1171664
1171665
1172334
1173458
1173459
1173460
1174197
1180294
1180295
1180296
1180297
