1041881
1059472
1059479
1059486
1059493
1059500
1059507
1059514
1059521
1059528
1059535
1059542
1059549
1059556
1059563
1059570
1059577
1059584
1059591
1059598
1059605
1059612
1059619
1059626
1059633
1059640
1059647
1059654
1059661
1059668
1059675
1059682
1059689
1059696
1059703
1059710
1059717
1059724
1059731
1059738
1059745
1059752
1059759
1059766
1059773
1059780
1059787
1059794
1059801
1059808
1059815
1059822
1059829
1059836
1059843
1059850
1059857
1059864
1059871
1059878
1059885
1059892
1059899
1059906
1059913
1059920
1059927
1059934
1059941
1059948
1059955
1059962
1059969
1059976
1059990
1059997
1060004
1060011
1060018
1060025
1097594
1097826
1098207
1101351
1106480
1107849
1115191
1116073
1117814
1117815
1117816
1117818
1117820
1117821
1117861
1117862
1117863
1117864
1117865
1117866
1117868
1117869
1117870
1117874
1117875
1117876
1117877
1117878
1117879
1117880
1117881
1118582
1118583
1118584
1118585
1119364
1119365
1119366
1119367
1119411
1119421
1119443
1119451
1119452
1119756
1120392
1120555
1122114
1122602
1122603
1126088
1127786
1127838
1127895
1127897
1127966
1127967
1127968
1127969
1127971
1127972
1127973
1127974
1127975
1127976
1128323
1130626
1130627
1130643
1130644
1130645
1130649
1130650
1130651
1130781
1132468
1132506
1132507
1132508
1132509
1132601
1132602
1132603
1132604
1132605
1132606
1132607
1132608
1132609
1132610
1132611
1132612
1132613
1132614
1132615
1132616
1132617
1133448
1134203
1134275
1134276
1134277
1134278
1134279
1134280
1134281
1134282
1134283
1134284
1134285
1134286
1134287
1134288
1134289
1134290
1134291
1134292
1134293
1134294
1134295
1134296
1134297
1134298
1134299
1134300
1134313
1134314
1134315
1134316
1134317
1134318
1134801
1134947
1134956
1137346
1137362
1137363
1137364
1137365
1137755
1141537
1141545
1145250
1147564
1147585
1147587
1148057
1150522
1150565
1151246
1151247
1151248
1151641
1151690
1151691
1151692
1151693
1151694
1151695
1151696
1151697
1151698
1151702
1151703
1151704
1151705
1151706
1151707
1152136
1152322
1152654
1152655
1152656
1152667
1152668
1152669
1154008
1154009
1154010
1154540
1154541
1154542
1154543
1154544
1154545
1154546
1154547
1154548
1154549
1154550
1154551
1154552
1154553
1154554
1154555
1154556
1154557
1154558
1154559
1154560
1154561
1154562
1154563
1154564
1154565
1154566
1154567
1154568
1154569
1154570
1154571
1154572
1154573
1154574
1154575
1154576
1154577
1154578
1154579
1154580
1154581
1154582
1154583
1154584
1154585
1154586
1154587
1154588
1154589
1154590
1154591
1154592
1154593
1154594
1154595
1154596
1154597
1154598
1154599
1154600
1154601
1154602
1154603
1154604
1154605
1154606
1154607
1154608
1154609
1154610
1154611
1154612
1154613
1154614
1154615
1154616
1154617
1154618
1154619
1154620
1154621
1154622
1154623
1154624
1154625
1154626
1154627
1154628
1154629
1154630
1154631
1154632
1154633
1154634
1154635
1154636
1154637
1154638
1154639
1154640
1154641
1154642
1154643
1154644
1154645
1154646
1154647
1154648
1154649
1154650
1154651
1154652
1154653
1154654
1154655
1154656
1154657
1154658
1154659
1154660
1154661
1154662
1154663
1154664
1154665
1154666
1154667
1154668
1154669
1154670
1154671
1154672
1154673
1154674
1154675
1154676
1154677
1154678
1154679
1154680
1154681
1154682
1154683
1154684
1154685
1154686
1154687
1154688
1154689
1154690
1154691
1154692
1154693
1154694
1154695
1154696
1154697
1154698
1154699
1154700
1154701
1154702
1154703
1154704
1154705
1154706
1154707
1154708
1154709
1154710
1154711
1154712
1154713
1154714
1154715
1154716
1154717
1154718
1154719
1154720
1154721
1154722
1154723
1154724
1154725
1154726
1154727
1154728
1154729
1154730
1154731
1154732
1154733
1154734
1154735
1154736
1154737
1154738
1154739
1154740
1154741
1154742
1154743
1154744
1154745
1154746
1154747
1154748
1154749
1154750
1154751
1154752
1154753
1154754
1154755
1154756
1154757
1154758
1154759
1154760
1154761
1154762
1154763
1154764
1154765
1154766
1154767
1154768
1154769
1154770
1154771
1154772
1154773
1154774
1154775
1154776
1154777
1154778
1154779
1154780
1154781
1154782
1154783
1154784
1154785
1154786
1154787
1154788
1154789
1154790
1154791
1154792
1154793
1154794
1154795
1154796
1154797
1154798
1154799
1154800
1154801
1154802
1154803
1154804
1154805
1154806
1154807
1154808
1154809
1154810
1154811
1154812
1154813
1154814
1154815
1154816
1154817
1154818
1154819
1154820
1154821
1154822
1154823
1154824
1154825
1154826
1154827
1154828
1154829
1154830
1154831
1154832
1154833
1154834
1154835
1154836
1154837
1154838
1154839
1154840
1154841
1154842
1154843
1154844
1154845
1154846
1154847
1154848
1154849
1154850
1154851
1154852
1154853
1154854
1154855
1154856
1154857
1154858
1154859
1154860
1154861
1154862
1154863
1154864
1154865
1154866
1154867
1154868
1154869
1154870
1154871
1154872
1154873
1154874
1154875
1154876
1154877
1154878
1154879
1154880
1154881
1154882
1154883
1154884
1154885
1154886
1154887
1154888
1154889
1154890
1154891
1154892
1154893
1154894
1154895
1154896
1154897
1154898
1154899
1154900
1154901
1154902
1154903
1154904
1154905
1154906
1154907
1154908
1154909
1154910
1154911
1154912
1154913
1154914
1154915
1154916
1154917
1154918
1154919
1154920
1154921
1154922
1154923
1154924
1154925
1154926
1154927
1154928
1154929
1154930
1154931
1154932
1154933
1154934
1154935
1154936
1154937
1154938
1154939
1154940
1154941
1154942
1154943
1154944
1154945
1154946
1154947
1154948
1154949
1154950
1154951
1154952
1154953
1154954
1154955
1154956
1154957
1154958
1154959
1154960
1154961
1154962
1154963
1154964
1154965
1154966
1154967
1154968
1154969
1154970
1154971
1154972
1154973
1154974
1154975
1154976
1154977
1154978
1154979
1154980
1154981
1154982
1154983
1154984
1154985
1154986
1154987
1154988
1154989
1154990
1154991
1154992
1154993
1154994
1154995
1154996
1154997
1154998
1154999
1155000
1155001
1155002
1155003
1155004
1155005
1155006
1155008
1155009
1155010
1155011
1155012
1155013
1155014
1155015
1155016
1155017
1155018
1155019
1155020
1155021
1155022
1155023
1155024
1155025
1155026
1155027
1155028
1155029
1155030
1155031
1155032
1155033
1155034
1155035
1155036
1155037
1155038
1155039
1155040
1155041
1155042
1155043
1155044
1155045
1155046
1155047
1155048
1155049
1155050
1155051
1155052
1155053
1155054
1155055
1155056
1155057
1155058
1155059
1155060
1155061
1155062
1155063
1155064
1155065
1155066
1155067
1155068
1155069
1155070
1155071
1155072
1155073
1155074
1155075
1155076
1155077
1155078
1155079
1155080
1155081
1155082
1155083
1155084
1155085
1155086
1155087
1155088
1155089
1155090
1155091
1155092
1155093
1155094
1155095
1155096
1155097
1155098
1155099
1155100
1155101
1155102
1155103
1155104
1155105
1155106
1155107
1155108
1155109
1155110
1155111
1155112
1155113
1155114
1155115
1155116
1155117
1155118
1155119
1155120
1155121
1155122
1155123
1155124
1155125
1155126
1155127
1155128
1155129
1155130
1155132
1155133
1155134
1155135
1155136
1155137
1155138
1155139
1155140
1155141
1155142
1155143
1155145
1155146
1155147
1155148
1155149
1155150
1155151
1155152
1155153
1155154
1155155
1155156
1155157
1155158
1155159
1155160
1155161
1155162
1155163
1155172
1155211
1155212
1155768
1155942
1155969
1155998
1156020
1156395
1156506
1157114
1157284
1157320
1160347
1160355
1164123
1164124
1164153
1164221
1164327
1164328
1164646
1165185
1165303
1165320
1165321
1165322
1165323
1165324
1165325
1165326
1165327
1165328
1165329
1165330
1165331
1170806
1170807
1170808
1170809
1170810
1170812
1170813
1170817
1170819
1170839
1170840
1170841
1170843
1170877
1170878
1170908
1170917
1170922
1171014
1171026
1171028
1171754
1171755
1171756
1171777
1172227
1172249
1173476
1173477
1173478
1173479
1173480
1173533
1173685
1173686
1173718
1173794
1173873
1173936
1173968
1174190
1174226
1174236
1174264
1174296
1174298
1174299
1174743
1174795
1175889
1176148
1176151
1176181
1176192
1176878
1176879
1176881
1177111
1177112
1177224
1177225
1177227
1177228
1177229
1177446
1177825
1178231
1178886
1179393
1179433
1179721
1179722
1179751
1180133
1180134
