1036057
1036064
1036071
1036078
1036085
1036092
1036099
1036106
1036113
1036120
1036127
1036134
1036141
1036148
1036155
1036162
1036169
1036176
1036183
1036190
1036197
1036204
1036211
1036218
1036225
1036232
1036239
1036246
1036253
1036260
1036267
1036274
1036281
1036288
1036295
1036302
1036309
1036316
1036323
1036330
1036337
1036344
1036351
1036358
1036365
1036372
1036379
1036386
1036393
1036400
1036407
1036414
1036421
1043470
1059199
1059206
1059213
1059220
1059227
1059234
1059241
1059248
1059255
1059262
1059269
1059276
1059283
1059290
1059297
1059304
1059311
1059318
1059325
1059332
1059339
1059346
1059353
1059360
1059367
1059374
1059381
1059388
1059395
1059402
1059409
1059416
1059423
1059430
1059437
1059444
1059451
1059458
1063686
1063693
1063700
1063707
1063714
1063721
1063728
1063735
1063742
1063749
1063756
1063763
1063770
1063777
1063784
1063791
1063798
1063805
1063812
1063819
1063826
1063833
1063840
1063847
1063854
1063861
1063868
1063875
1063882
1063889
1065471
1065478
1065485
1065492
1065499
1065506
1065513
1065520
1065527
1065534
1065541
1065548
1065555
1065562
1065569
1065716
1065723
1065730
1065737
1065744
1065751
1065758
1065765
1065772
1065779
1065786
1065793
1065800
1065807
1065814
1065821
1065828
1065835
1065842
1065849
1065856
1065863
1065870
1065877
1065884
1066010
1066017
1066024
1066031
1066038
1066045
1066052
1066059
1066066
1066073
1066080
1066087
1066094
1066101
1066108
1066115
1066122
1066129
1066136
1066143
1066150
1066157
1066164
1066171
1066178
1066185
1066192
1066199
1066206
1066213
1066220
1066227
1066234
1066241
1066248
1066255
1066262
1066269
1066276
1066283
1066290
1066297
1066304
1066311
1066318
1066325
1066332
1066339
1066346
1066353
1066360
1066367
1066374
1066381
1066388
1066395
1066402
1066409
1066416
1066423
1066430
1066437
1066444
1066451
1066458
1071988
1071995
1072002
1072009
1072016
1072023
1072030
1072037
1072044
1072051
1072058
1072065
1072072
1072079
1072086
1072093
1072100
1072107
1072114
1072121
1072128
1072135
1072142
1072149
1072156
1072163
1072170
1072177
1072184
1072191
1072198
1072205
1072212
1072219
1072226
1072233
1072240
1072247
1072254
1072261
1072268
1072275
1072282
1072289
1072296
1072303
1072310
1072317
1072324
1072331
1072338
1072345
1072352
1072359
1072366
1072373
1072380
1072387
1072394
1072401
1072408
1072415
1072422
1072429
1072436
1072443
1072450
1072457
1072464
1072471
1072478
1072485
1072492
1072499
1072506
1072513
1072520
1072527
1072534
1072541
1072548
1072555
1072562
1072569
1072576
1072583
1072590
1072597
1072604
1072611
1072618
1072625
1072632
1072639
1072646
1072653
1072660
1072667
1085064
1085071
1085078
1085085
1085092
1085099
1085106
1085113
1085120
1085127
1085134
1085141
1085148
1085155
1085162
1085169
1085176
1085183
1085190
1085197
1085204
1085211
1085218
1085225
1085232
1085239
1085246
1085253
1085260
1085267
1085274
1085281
1085288
1085295
1085302
1085309
1085316
1085323
1085330
1085337
1085344
1085351
1085358
1085365
1085372
1085379
1085386
1085393
1085400
1085407
1085414
1085421
1085428
1085435
1085442
1085449
1085456
1085463
1085470
1085477
1085484
1085491
1085498
1085505
1085512
1085519
1085526
1085533
1085540
1085547
1085554
1085561
1085568
1085575
1085582
1085589
1085596
1085603
1085610
1085617
1085624
1085631
1085638
1085645
1085652
1085659
1085666
1085673
1085680
1085687
1085694
1085701
1085708
1085715
1085722
1085729
1085736
1085743
1085750
1085757
1085764
1085771
1085778
1085785
1085792
1085799
1085806
1085813
1085820
1085827
1085834
1085841
1085848
1085855
1085862
1085869
1085876
1085883
1085890
1085897
1085904
1085911
1085918
1085925
1085932
1085939
1085946
1085953
1085960
1085967
1085974
1085981
1085988
1085995
1086009
1086016
1086023
1086030
1086037
1086044
1086051
1086058
1086065
1086072
1086079
1086086
1086093
1086100
1086107
1086114
1086121
1086128
1086135
1086142
1086149
1086156
1086163
1086170
1086177
1086184
1086191
1086198
1086205
1086212
1086219
1086226
1086240
1086247
1086254
1086261
1086268
1086275
1086282
1086289
1086296
1086303
1086310
1086317
1086324
1086331
1086338
1086345
1095329
1097588
1097593
1097632
1097987
1097988
1098248
1098272
1099414
1099607
1099608
1099609
1099610
1099611
1099612
1099613
1099614
1099615
1099616
1099617
1108950
1117646
1118266
1118480
1118581
1119224
1119236
1119237
1119247
1119252
1119312
1119313
1119368
1119431
1120823
1120971
1121042
1121051
1121445
1121453
1121815
1121816
1121817
1121818
1121819
1121915
1121916
1121917
1121918
1121919
1121920
1122115
1122392
1122399
1122421
1122604
1122620
1122621
1123157
1123158
1123159
1123160
1123161
1123162
1123163
1123164
1123165
1123166
1123167
1123168
1123169
1123170
1123171
1123225
1123226
1123227
1126072
1127845
1127856
1127896
1127908
1127958
1127978
1130396
1130419
1130420
1130446
1130628
1130629
1130630
1130631
1130632
1130633
1130634
1130635
1130636
1130637
1130638
1130639
1130640
1130641
1130642
1130646
1130647
1130648
1130652
1130653
1130654
1130655
1130656
1130657
1130658
1130659
1130660
1130661
1130662
1130663
1130664
1130665
1130666
1130667
1130668
1130669
1130670
1130671
1130672
1130673
1130674
1130675
1130676
1130677
1130678
1130679
1130680
1130681
1130683
1130684
1130685
1130723
1130724
1130785
1132445
1132446
1132510
1132511
1132512
1132513
1132514
1132515
1132524
1132525
1133492
1133493
1133494
1133722
1134274
1134335
1134683
1134765
1135281
1135282
1135283
1136969
1137347
1137466
1137467
1137752
1138064
1138065
1138545
1138546
1140845
1141281
1141283
1141284
1141285
1141286
1141287
1141306
1141307
1141308
1141309
1141310
1141311
1141312
1141313
1141314
1141315
1141316
1141317
1141318
1141319
1141541
1141542
1148256
1150416
1150505
1150506
1150521
1150528
1150529
1150540
1150541
1150546
1150547
1150548
1150549
1150550
1150551
1150552
1150553
1150554
1150555
1150556
1150557
1150558
1150559
1150560
1150561
1150562
1151108
1151136
1151155
1151197
1151249
1151662
1151663
1151664
1151665
1151666
1151667
1151668
1151708
1151714
1152137
1152144
1152650
1152651
1152663
1153157
1154037
1154229
1154232
1155007
1155131
1155144
1155230
1155677
1155777
1155778
1156023
1156463
1156518
1157218
1157222
1164125
1164126
1164137
1164138
1164140
1164145
1164147
1164149
1164150
1164151
1164152
1164154
1164156
1164157
1164170
1164219
1164220
1164222
1164223
1164224
1164226
1164326
1164329
1164330
1164331
1164332
1164333
1164334
1164335
1164336
1164337
1164338
1164339
1164340
1164341
1164342
1164343
1164344
1164345
1164346
1164347
1164348
1164349
1164350
1164351
1164352
1164353
1164354
1164355
1164356
1164357
1164358
1164359
1164360
1164361
1164362
1164375
1164641
1165113
1165114
1165165
1165167
1165168
1165169
1165170
1165171
1165172
1165182
1165183
1165184
1165186
1165188
1165200
1165212
1165226
1165230
1165232
1170587
1170910
1171036
1171159
1171619
1171636
1171770
1171870
1171895
1172241
1172244
1172342
1173226
1173229
1173230
1173231
1173232
1173578
1173736
1173737
1173739
1173740
1173741
1173743
1173744
1173751
1173923
1173924
1173925
1173926
1173927
1173928
1173929
1173930
1173931
1173932
1173955
1173957
1173965
1173966
1174201
1174202
1174203
1174204
1174205
1174208
1174247
1174284
1174594
1174644
1174648
1174673
1175006
1175679
1175753
1175791
1175830
1175917
1175918
1176142
1176150
1176287
1176292
1176463
1176464
1176465
1176466
1176467
1176468
1176469
1176470
1176471
1176472
1176473
1176474
1176475
1176476
1176477
1176478
1176479
1176480
1176481
1176482
1176483
1176484
1176485
1176486
1176487
1176488
1176489
1176490
1176491
1176492
1176493
1176494
1176495
1176496
1176497
1176498
1176499
1176500
1176501
1176502
1176503
1176504
1176505
1176506
1176507
1176508
1176509
1176510
1176511
1176512
1176513
1176514
1176515
1176516
1176517
1176518
1176519
1176520
1176521
1176522
1176523
1176524
1176525
1176526
1176527
1176528
1176529
1176532
1176533
1176534
1176535
1176536
1176537
1176538
1176539
1176540
1176541
1176542
1176543
1176544
1176545
1176546
1176547
1176884
1176885
1176901
1177071
1177080
1177081
1177082
1177083
1177086
1177087
1177088
1177089
1177090
1177091
1177092
1177093
1177094
1177095
1177096
1177097
1177098
1177099
1177100
1177101
1177102
1177103
1177104
1177105
1177106
1177107
1177108
1177126
1177127
1177128
1177147
1177157
1177209
1177223
1177234
1177373
1177416
1177417
1177434
1177454
1178325
1178485
1178487
1178599
1178721
1178883
1179185
1179186
1179204
1179253
1179254
1179275
1179276
1179277
1179278
1179279
1179280
1179281
1179290
1179301
1179394
1179613
1179623
1179755
1179770
1180390
1180792
1180870
1180871
1180872
1180901
1180903
1180904
1180999
1181471
1181588
1184640
1188499
1188701
1188766
