1073171
1073178
1073185
1073192
1073199
1073206
1073213
1073220
1086772
1086779
1086786
1086793
1086800
1086807
1086814
1086821
1086828
1086835
1086842
1086849
1086856
1086863
1086870
1086877
1086884
1086891
1086898
1086905
1086912
1086919
1086926
1086933
1086940
1086947
1086954
1086961
1086968
1086975
1086982
1086989
1086996
1087003
1087010
1087017
1087024
1087031
1087038
1087045
1087052
1087059
1087066
1087073
1087080
1087087
1087094
1087101
1087108
1087115
1087122
1087129
1087136
1087143
1087150
1087157
1087164
1087171
1087178
1087185
1087192
1087199
1087206
1087213
1087220
1087227
1087234
1095298
1095299
1095300
1095301
1095302
1095303
1095304
1096850
1096885
1096886
1097503
1097728
1097844
1098250
1098312
1098313
1098314
1098315
1098316
1098317
1098318
1098319
1098320
1098321
1098322
1098323
1098324
1098325
1098326
1098327
1098328
1098329
1098330
1098331
1098332
1098333
1098334
1098335
1098336
1098337
1098338
1098339
1098340
1098341
1098342
1098343
1098344
1098345
1098346
1098347
1098348
1098349
1098350
1098351
1098352
1098353
1098354
1098355
1098356
1098357
1098358
1098359
1098360
1098361
1098362
1098363
1098364
1100158
1117831
1118529
1118530
1119426
1119427
1120618
1120824
1120825
1120826
1120827
1120828
1120829
1120830
1120831
1120832
1120833
1122469
1133311
1133312
1133313
1133314
1135219
1141631
1144735
1150582
1150586
1150593
1152317
1152448
1152716
1152768
1155260
1156461
1157254
1158550
1160206
1160430
1164433
1164477
1165143
1165345
1171015
1171016
1171017
1171018
1171106
1171146
1171230
1172344
1176281
1176995
1177050
1177051
1177186
1177288
1178301
1178302
1178303
1178304
1178305
1178306
1178307
1178308
1178309
1178310
1178311
1178312
1178313
1178314
1178315
1178316
1178317
1178318
1178319
1178320
1178321
1178322
1178323
1179643
