1100572
1100870
1101796
1118685
1118980
1118981
1118988
1118992
1118993
1118994
1118995
1120908
1121083
1121084
1121085
1121086
1121087
1121088
1121842
1121843
1121869
1121870
1121871
1122048
1122049
1127926
1127970
1127977
1132385
1132386
1132387
1132388
1132389
1132390
1132392
1132393
1132394
1132407
1132409
1132410
1132411
1132412
1132413
1132414
1132415
1132416
1132418
1132419
1132421
1132423
1132425
1132426
1134215
1134217
1134218
1135165
1135166
1135167
1135168
1135169
1135170
1135171
1135172
1135173
1135174
1135175
1135176
1135177
1135178
1135179
1135180
1135181
1135182
1135183
1135184
1135185
1135186
1135187
1135188
1135189
1135190
1135191
1135192
1135193
1135194
1137333
1141294
1141295
1148425
1148426
1148427
1148428
1148429
1148430
1148431
1148432
1148433
1148434
1148435
1148436
1148437
1148438
1148439
1148440
1148441
1148442
1148443
1148444
1148445
1148446
1148448
1148449
1151107
1153959
1153960
1153961
1153962
1153964
1153965
1153966
1156024
1156496
1157286
1157287
1157288
1158497
1160428
1160429
1170687
1173605
1174709
1174827
1175758
1175759
1175822
1176172
1177408
1177733
1177797
1177798
1177831
1178225
1178261
1178262
1178263
1178264
1178265
1178266
1178267
1178268
1178269
1178270
1178272
1178273
1178331
1179243
1179712
1179768
1179823
1180753
1180823
1180824
1180825
1181412
1181544
1181549
1183309
1188618
1188808
