1006636
1006643
1029533
1029547
1029561
1029631
1029673
1029694
1029708
1029715
1029778
1029995
1030002
1030009
1030121
1030156
1030198
1030345
1030352
1030394
1030408
1030415
1030429
1030457
1032046
1032053
1032060
1032067
1032074
1032081
1032088
1032095
1032102
1032109
1032116
1032123
1032130
1032137
1032144
1032151
1032158
1032165
1032172
1032179
1032186
1032193
1032200
1032214
1032221
1032228
1032235
1032242
1032249
1032256
1032263
1032270
1032277
1032284
1032291
1032298
1032305
1032312
1032319
1032326
1032333
1032340
1032347
1032354
1032361
1032368
1032375
1032382
1032389
1032396
1032403
1032410
1032417
1032424
1032431
1032438
1032445
1032452
1032459
1032473
1032480
1032487
1032494
1032501
1032508
1032515
1032522
1032529
1032536
1032543
1032550
1032557
1032564
1032571
1032578
1032585
1032592
1032599
1032606
1032613
1032620
1032627
1032634
1032641
1032648
1032655
1032662
1032669
1032676
1032683
1032690
1032697
1032704
1032711
1032718
1032725
1032732
1032746
1032753
1032760
1032767
1032774
1032781
1032788
1032795
1032802
1032809
1032816
1032823
1032830
1032837
1032844
1032851
1032865
1032872
1032879
1032886
1032893
1032900
1032907
1032914
1032921
1032928
1032935
1032942
1032949
1032956
1032963
1032970
1032977
1032984
1032991
1032998
1033005
1033012
1033026
1033033
1033040
1033047
1033054
1033061
1033068
1033075
1033082
1033089
1033096
1033103
1033110
1033117
1033124
1033131
1033138
1033145
1033152
1033159
1033166
1033173
1033180
1033187
1033194
1033201
1033208
1033215
1033222
1033229
1033236
1033243
1033250
1033257
1033264
1033271
1033278
1033285
1033292
1033299
1033306
1033313
1033320
1033327
1033334
1033341
1033348
1033355
1033362
1033369
1033376
1033383
1033390
1033397
1033404
1033411
1033418
1033425
1033432
1033439
1033446
1033453
1033460
1033467
1033474
1033481
1033488
1033495
1033502
1033509
1033516
1033523
1033530
1033537
1033544
1033551
1033558
1033565
1033572
1033579
1033586
1033593
1033600
1033614
1033621
1033628
1033635
1033642
1033649
1033656
1033663
1033670
1033677
1033684
1033691
1033698
1033705
1033712
1033719
1033726
1033733
1033740
1033747
1033754
1033761
1033768
1033775
1033782
1033789
1033796
1033803
1033810
1033817
1033824
1033831
1033838
1033845
1033852
1033859
1033866
1033873
1033880
1033887
1033894
1033901
1033915
1033922
1033929
1033936
1033943
1033950
1033957
1033964
1033971
1033978
1033985
1033992
1033999
1034006
1034013
1034020
1034027
1034034
1034041
1034048
1034055
1034062
1034069
1034076
1034083
1034090
1034097
1034104
1034111
1034118
1034125
1034132
1034139
1034146
1034153
1034160
1034167
1034174
1034181
1034188
1034195
1034202
1034209
1034216
1034223
1034230
1034237
1034244
1034251
1034258
1034265
1034272
1034279
1034286
1034293
1034300
1034307
1034314
1034321
1034328
1034335
1034349
1034356
1034363
1034370
1034377
1034384
1034391
1034398
1034405
1034412
1034419
1034426
1034433
1034440
1034447
1034454
1034461
1034468
1034475
1034482
1034489
1034496
1034503
1034510
1034517
1034524
1034531
1034538
1034545
1034552
1034559
1034566
1034573
1034580
1034587
1034594
1034601
1034608
1034615
1034622
1034629
1034636
1034643
1034650
1034657
1034664
1034671
1034678
1034685
1034692
1034699
1034706
1034713
1034720
1034727
1034734
1034741
1034748
1034755
1034762
1034769
1034776
1034783
1034790
1034797
1034804
1034811
1034818
1034825
1034832
1034839
1034846
1034853
1034860
1034867
1034874
1034881
1034888
1034895
1034902
1034909
1034916
1034923
1034930
1034937
1034944
1034951
1034958
1034965
1034972
1034979
1034986
1034993
1035000
1035007
1035014
1035021
1035028
1035035
1035042
1035049
1035056
1035063
1035070
1035077
1035084
1035091
1035098
1035105
1035112
1035119
1035126
1035133
1035140
1035147
1035154
1035161
1035168
1035175
1035182
1035189
1035196
1035203
1035210
1035217
1035224
1035231
1035238
1035245
1035252
1035259
1035266
1035273
1035280
1035287
1035294
1035301
1035308
1035315
1035322
1035329
1035336
1035343
1035350
1035357
1035364
1035378
1035385
1035392
1035399
1035406
1035413
1035420
1035427
1035434
1035441
1035448
1035455
1035462
1035469
1035476
1035483
1035490
1035497
1035504
1035511
1035518
1035525
1035532
1035539
1035546
1035553
1035560
1035567
1035574
1035581
1035588
1035595
1035602
1035609
1035616
1035623
1035630
1035637
1035644
1035651
1035658
1035665
1035672
1035679
1035686
1035693
1035700
1035707
1035714
1035721
1035728
1035735
1035742
1035749
1035756
1035763
1035770
1035777
1035784
1035791
1035798
1035805
1035812
1035819
1035826
1035833
1035840
1035847
1035854
1035861
1035868
1035875
1035882
1035889
1035896
1035903
1035910
1035917
1035924
1035931
1035938
1035945
1035952
1035959
1035966
1035973
1035980
1035987
1035994
1036001
1036008
1036015
1036022
1036029
1038094
1038101
1038108
1038115
1038122
1038129
1038136
1038143
1038150
1038157
1038164
1038171
1038178
1038185
1038192
1038199
1038206
1038213
1038220
1038227
1038234
1038241
1038248
1038255
1038262
1038269
1038276
1038283
1038290
1038297
1038304
1038311
1038318
1038325
1038332
1038339
1038346
1038353
1038360
1038367
1038374
1038381
1038388
1038395
1038402
1038409
1038416
1038423
1038430
1038437
1038451
1038458
1038465
1038472
1038479
1038486
1038493
1038500
1038507
1038514
1038521
1038528
1038535
1038542
1038549
1038556
1038563
1038570
1038577
1038584
1038591
1038598
1038605
1038612
1038619
1038626
1038633
1038640
1038647
1038654
1038661
1038668
1038675
1038682
1038689
1038696
1038703
1038710
1038717
1038724
1038731
1038738
1038745
1038752
1038759
1038766
1038773
1038780
1038787
1038794
1038801
1038808
1038815
1038822
1038829
1038836
1038843
1038850
1038857
1038864
1038871
1038878
1038885
1038892
1038899
1038906
1038913
1038920
1038927
1038934
1038941
1038948
1038955
1038962
1038969
1038976
1038983
1038990
1038997
1039004
1039011
1039018
1039025
1039032
1039039
1039046
1039053
1039060
1039067
1039074
1039081
1039088
1039095
1039102
1039109
1039116
1039123
1039130
1039137
1039144
1039151
1039158
1039165
1039172
1039179
1039186
1039193
1039200
1039207
1039214
1039221
1039228
1039235
1039242
1039249
1039256
1039263
1039270
1039277
1039284
1039291
1039298
1039305
1039312
1039319
1039326
1039333
1039340
1039347
1039354
1039361
1039368
1039375
1039382
1039389
1039396
1039403
1039410
1039417
1039424
1039431
1039438
1039445
1039452
1039459
1039466
1039473
1039480
1039487
1039494
1039501
1039508
1039515
1039522
1039529
1039536
1039543
1039550
1039557
1039564
1039571
1039578
1039592
1039599
1039606
1039613
1039620
1039627
1039634
1039641
1039648
1039655
1039662
1039669
1039676
1039683
1039690
1039697
1039704
1039711
1039718
1039725
1039732
1039739
1039746
1039753
1039760
1039767
1039774
1039781
1039788
1039795
1039802
1039809
1039816
1039823
1039830
1039837
1039844
1039851
1039858
1039865
1039872
1039879
1039886
1039893
1039900
1039907
1039914
1039921
1039928
1039935
1039942
1039949
1039956
1039963
1039970
1039977
1039984
1039991
1039998
1040005
1040012
1040019
1040026
1040033
1040040
1040047
1040054
1040061
1040068
1040075
1040082
1040089
1040096
1040103
1040110
1040117
1040124
1040131
1040138
1040145
1040152
1040159
1040166
1040173
1040180
1040187
1040194
1040201
1040208
1040215
1040222
1041251
1041258
1041265
1041272
1041279
1041286
1041293
1041300
1041307
1041314
1041321
1041328
1041335
1041342
1041349
1041356
1041363
1041370
1041377
1041384
1041391
1041398
1041405
1041412
1041419
1041426
1041433
1041440
1041447
1041454
1041461
1041468
1041475
1041482
1041489
1041496
1041503
1041510
1041517
1041524
1041531
1041538
1041545
1041552
1041559
1041566
1041573
1041580
1041587
1041594
1041601
1041608
1041615
1041622
1041629
1041636
1041643
1041650
1041657
1041664
1041671
1041678
1041685
1041692
1041699
1041706
1041713
1041720
1041727
1041734
1041741
1041748
1041755
1041762
1041769
1041776
1041783
1041790
1041797
1041804
1041811
1041818
1041825
1041832
1041839
1041846
1041853
1041860
1041867
1041874
1041888
1041895
1041902
1041909
1041916
1041923
1041930
1041937
1041944
1041951
1041958
1041965
1041972
1041979
1041986
1041993
1042000
1042007
1042014
1042021
1042028
1042035
1042042
1042049
1042056
1042063
1042070
1042077
1042084
1042091
1042098
1042105
1042112
1042119
1042126
1042133
1042140
1042147
1042154
1042161
1042168
1042175
1042182
1042189
1042196
1042203
1042210
1042217
1042224
1042231
1042238
1042245
1042252
1042259
1042266
1042273
1042280
1042287
1042294
1042301
1042308
1042315
1042322
1042329
1042336
1042343
1042350
1042357
1042364
1042371
1042378
1042385
1042392
1042399
1042406
1042413
1042420
1042427
1042434
1042441
1042448
1042455
1042462
1042469
1042476
1042483
1042490
1042497
1042504
1042511
1042518
1042525
1042532
1042539
1042546
1042553
1042560
1042567
1042574
1042581
1042588
1042595
1042602
1042609
1042616
1042623
1042630
1042637
1042644
1042651
1042658
1042665
1042672
1042679
1042686
1042693
1042700
1042707
1042714
1042721
1042728
1042735
1042742
1042749
1042756
1042763
1042770
1042777
1042784
1042791
1042798
1042805
1042812
1042819
1042826
1042833
1042840
1042847
1042854
1042861
1042868
1042875
1042882
1042889
1042896
1042903
1042910
1042917
1042924
1042931
1042938
1042945
1042952
1042959
1042966
1042973
1042980
1042987
1042994
1043001
1043008
1043015
1043022
1043029
1043036
1043043
1043050
1043057
1043064
1043071
1043078
1043085
1043092
1043099
1043106
1043113
1043120
1043127
1043134
1043141
1043148
1043162
1043169
1043176
1043183
1043190
1043197
1043204
1043211
1043218
1043225
1043232
1043239
1043246
1043253
1043260
1043267
1043274
1043281
1043288
1043295
1043302
1043309
1043316
1043323
1043330
1043337
1043344
1043351
1043358
1043365
1043372
1043379
1043386
1043393
1043400
1043407
1043414
1043421
1043428
1043435
1043442
1043449
1043456
1043463
1043477
1043484
1043491
1043498
1043505
1043512
1043519
1043526
1043533
1043540
1043547
1043554
1043561
1043568
1043575
1043582
1043589
1043596
1043603
1043610
1043617
1043624
1043631
1043638
1043645
1043652
1043659
1043666
1043673
1043680
1043687
1044590
1044597
1044604
1044611
1044618
1044625
1044632
1044639
1044646
1044653
1044660
1044667
1044674
1044681
1044688
1044695
1044702
1044709
1044716
1044723
1044730
1044737
1044744
1044751
1044758
1044765
1044772
1044779
1044786
1044793
1044800
1044807
1044814
1044821
1044828
1044835
1044842
1044849
1044856
1044863
1044870
1044877
1044884
1044891
1044898
1044905
1044912
1044919
1044926
1044933
1044940
1044947
1044954
1044961
1044968
1044975
1044982
1044989
1044996
1045003
1045010
1045017
1045024
1045031
1045038
1045045
1045052
1045059
1045066
1045073
1045080
1045087
1045094
1045101
1045108
1045115
1045122
1045129
1055363
1084623
1086233
1086415
1086730
1086737
1094854
1096958
1098578
1099024
1117807
1117856
1118380
1118595
1121111
1121118
1121781
1121782
1121923
1121954
1121955
1122200
1122328
1122460
1122506
1122509
1122510
1122511
1122711
1126055
1130254
1130255
1130256
1130257
1130258
1130259
1130260
1130261
1130262
1133220
1133905
1135364
1136957
1137464
1138760
1141144
1145212
1145213
1145214
1149908
1150625
1151686
1152639
1152718
1152747
1153175
1153980
1153981
1154206
1155228
1157264
1170726
1170756
1170761
1170989
1171037
1171179
1171418
1171614
1171630
1173424
1173550
1173551
1173552
1173553
1173554
1173555
1173556
1173558
1173559
1173560
1173561
1173562
1173563
1173564
1173565
1173566
1173567
1173568
1173569
1173570
1173571
1173572
1173573
1173755
1174657
1177329
1177436
1177814
