1094851
1097425
1097426
1097428
1097429
1097430
1097431
1097432
1097433
1099025
1118465
1121066
1121101
1121102
1121103
1122429
1122596
1123354
1123355
1123356
1123357
1123358
1123359
1123360
1123361
1123362
1123363
1123365
1123367
1123370
1123372
1123373
1123375
1123376
1123377
1123379
1123380
1123381
1123382
1123383
1123384
1123386
1123390
1123391
1123392
1123393
1123395
1123396
1123397
1123400
1123401
1123402
1123403
1123404
1123405
1123406
1123407
1123408
1123410
1123411
1123412
1123413
1123414
1123415
1123416
1123417
1123419
1123420
1123422
1123424
1123425
1123426
1123428
1123429
1123430
1123431
1123432
1123434
1123435
1123436
1123438
1123439
1123443
1123444
1123445
1123446
1123447
1123448
1123449
1123452
1123453
1123455
1123458
1123459
1123460
1123461
1123462
1123463
1123464
1123467
1123468
1123469
1123470
1123471
1123472
1123473
1123474
1123475
1123477
1123478
1123479
1123480
1123481
1123485
1123486
1123488
1123490
1123491
1123492
1123494
1123495
1123496
1123498
1123502
1123503
1123504
1123507
1123508
1123509
1123512
1123514
1123515
1123516
1123517
1123518
1123521
1123524
1123528
1123529
1123531
1123532
1123533
1123534
