1092295
1094892
1094977
1094978
1095776
1096855
1096926
1096928
1097281
1097283
1098770
1098773
1118377
1118423
1118474
1118476
1119135
1119264
1119395
1119459
1121457
1121458
1121791
1121792
1121832
1121875
1121900
1121951
1122369
1122637
1123152
1123623
1124020
1128926
1130405
1130406
1130407
1130786
1133268
1133818
1133819
1133820
1134443
1134503
1134506
1134511
1134528
1134558
1134587
1134592
1134626
1134734
1135215
1135221
1135222
1135238
1135252
1137334
1139292
1141332
1144924
1144925
1144926
1144927
1144928
1144929
1150508
1150585
1150711
1151099
1151231
1151718
1151719
1152313
1152314
1152315
1152316
1152593
1152608
1152730
1152897
1152898
1152899
1152900
1152901
1152902
1152903
1152904
1152905
1152906
1152907
1152908
1152909
1152910
1152911
1152912
1152913
1152914
1152915
1152916
1152917
1152918
1152919
1152920
1152921
1152922
1152923
1152924
1152925
1152926
1152927
1152928
1152929
1152930
1152931
1152932
1152933
1152934
1152935
1152936
1152937
1152938
1152939
1152940
1152941
1152942
1152943
1152944
1152945
1152946
1152947
1152948
1152949
1152950
1152951
1152952
1152953
1152954
1152955
1152956
1152957
1152958
1152959
1152960
1152961
1152962
1152963
1152964
1152965
1152966
1152967
1152968
1152969
1152970
1152971
1152972
1152973
1152974
1152975
1152976
1152977
1152978
1152979
1152980
1152981
1152982
1152983
1152984
1152985
1152986
1152987
1152988
1152989
1152990
1152991
1152992
1152993
1152994
1152995
1152996
1152997
1152998
1152999
1153000
1153001
1153002
1153003
1153004
1153006
1153007
1153008
1153009
1153010
1153011
1153012
1153013
1153014
1153015
1153016
1153017
1153018
1153019
1153020
1153021
1153022
1153023
1153024
1153025
1153026
1153027
1153028
1153029
1153030
1153031
1153032
1153033
1153034
1153035
1153036
1153037
1153038
1153039
1153040
1153041
1153042
1153043
1153044
1153045
1153046
1153047
1153048
1153049
1153050
1153051
1153052
1153053
1153054
1153055
1153056
1153057
1153058
1153059
1153060
1153061
1153062
1153063
1153064
1153065
1153066
1153067
1153068
1153069
1153070
1153071
1153072
1153073
1153074
1153075
1153076
1153077
1153078
1153079
1153080
1153081
1153082
1153083
1153084
1153085
1153086
1153087
1153088
1153089
1153090
1153091
1153092
1153093
1153094
1153095
1153096
1153097
1153098
1153099
1153100
1153101
1153102
1153103
1153104
1153105
1153106
1153107
1153108
1153109
1153110
1153111
1153112
1153113
1153114
1153115
1153116
1153117
1153118
1153119
1153120
1153121
1153122
1153123
1153124
1153125
1153126
1153127
1153128
1153129
1153130
1153131
1153132
1153133
1153134
1153135
1153136
1153137
1153138
1153139
1153140
1153141
1153142
1153143
1153144
1153145
1153146
1153147
1153148
1153149
1153150
1155180
1155189
1155190
1155192
1155225
1155231
1155232
1155233
1155234
1155235
1155236
1155237
1155238
1155239
1155240
1155241
1155242
1155243
1155244
1155245
1155246
1155247
1155248
1155249
1155250
1155251
1155252
1155253
1155254
1155255
1155256
1155257
1155757
1155938
1155956
1155980
1157111
1157122
1157124
1157127
1157128
1157129
1157130
1157131
1157132
1157133
1157134
1157135
1157136
1157137
1157138
1157139
1157140
1157184
1157214
1157215
1157217
1157239
1157265
1157293
1165149
1165150
1165310
1170694
1170776
1170860
1171077
1171819
1173540
1174200
1174274
1174280
1174324
1174581
1174944
1175092
1175683
1175900
1176426
1176427
1176975
1177022
1177251
1177259
1177298
1178727
1179378
1179383
1180012
1180161
1180162
1180271
1180423
1180530
1180579
1180701
1180702
