1006146
1036533
1036540
1036547
1036554
1036561
1036568
1036575
1036582
1036589
1036596
1036603
1036610
1036617
1036631
1036645
1036652
1036659
1036666
1036673
1036680
1036687
1036708
1036715
1036722
1036729
1036736
1036743
1036750
1036757
1036764
1036771
1036778
1036792
1036799
1036806
1036813
1036820
1036827
1036834
1036841
1036848
1036855
1036862
1036869
1036876
1036883
1036890
1036897
1036904
1036911
1036918
1036925
1036932
1036939
1036946
1036953
1036960
1036967
1036974
1036981
1036988
1036995
1037002
1037009
1037023
1037030
1037037
1037044
1037051
1037058
1037065
1037072
1037079
1037086
1037093
1037100
1037107
1037114
1037121
1037128
1037135
1037142
1037149
1037156
1037163
1037170
1037177
1037184
1037191
1037198
1037205
1037212
1037219
1037226
1037233
1094789
1096942
1119380
1120643
1135618
1141290
1152153
1154044
1174754
