1004725
1004732
1004886
1004907
1004914
1004921
1004928
1004935
1004942
1004949
1004956
1004963
1004970
1004977
1004984
1004991
1004998
1005005
1005012
1005019
1005026
1005033
1005040
1005047
1005061
1005068
1005075
1005082
1005089
1005096
1005103
1005110
1005117
1005124
1005131
1007063
1027804
1027811
1027818
1027825
1027832
1038038
1040264
1040677
1040684
1040691
1040698
1040705
1040747
1040985
1040999
1044065
1044093
1044555
1076867
1084672
1084784
1090377
1090398
1090412
1090419
1090426
1090433
1090440
1090447
1090454
1090461
1090468
1090475
1090482
1090489
1090496
1090944
1091847
1092414
1093541
1093562
1093569
1093590
1093597
1093604
1094810
1094907
1094924
1094955
1095026
1095076
1095144
1095152
1095194
1095239
1095272
1095286
1095296
1096299
1096676
1096677
1096678
1096679
1096680
1096681
1096682
1096683
1096684
1096685
1096686
1096687
1096688
1096689
1096690
1096691
1096692
1096693
1096694
1096695
1096696
1096698
1096699
1096700
1096701
1096702
1096703
1096704
1096705
1096706
1096707
1096708
1096709
1096710
1096711
1096712
1096713
1096714
1096715
1096716
1096717
1096718
1096719
1096720
1096721
1096722
1096723
1096724
1096725
1096726
1096727
1096728
1096729
1096730
1096731
1096732
1096733
1096734
1096735
1096736
1096737
1096738
1096739
1096740
1096741
1096742
1096743
1096857
1096867
1096904
1096936
1096955
1097500
1097501
1097507
1097509
1097510
1097511
1097512
1097515
1097516
1097517
1097566
1097601
1097699
1097780
1097784
1098004
1098067
1098204
1098234
1098237
1098279
1098463
1098464
1098465
1098466
1098467
1098468
1098469
1098470
1098471
1098472
1098473
1098508
1098580
1098608
1098609
1098610
1098611
1098612
1098803
1098981
1099192
1099333
1099576
1100270
1116426
1116427
1116480
1116481
1116482
1118505
1118562
1118563
1118564
1118569
1118601
1118731
1118734
1118926
1118927
1118928
1118933
1118935
1118936
1118937
1118951
1118972
1118987
1119161
1119163
1119253
1119266
1119434
1119693
1119704
1119775
1119788
1119796
1119802
1119858
1119881
1119882
1119885
1119904
1119965
1120105
1120796
1120797
1121052
1121765
1121768
1121769
1121807
1121808
1121824
1121829
1121846
1121883
1121966
1122147
1122365
1122405
1122406
1122542
1122558
1122566
1122569
1122573
1122750
1122753
1123223
1123339
1123718
1123795
1123960
1124125
1124185
1124195
1124232
1124391
1124458
1124577
1124618
1124756
1124976
1125114
1125146
1125155
1125262
1125271
1125293
1125377
1125440
1125453
1125463
1125538
1125568
1125569
1125662
1125728
1125744
1125778
1125804
1125902
1125922
1126159
1126427
1126467
1126543
1126544
1126545
1126592
1126646
1126661
1126666
1126783
1126787
1126790
1126808
1126832
1126848
1126849
1126925
1126932
1126955
1126962
1126990
1126997
1127048
1127093
1127120
1127146
1127226
1127264
1127305
1127307
1127333
1127454
1127483
1127502
1127534
1127553
1127557
1127575
1127580
1127779
1127805
1128065
1128154
1128160
1128374
1128386
1128402
1128417
1128426
1128471
1128512
1128534
1128560
1128576
1128586
1128612
1128628
1128644
1128646
1128663
1128682
1128683
1128726
1128743
1128760
1128775
1128789
1128799
1128809
1128825
1128832
1128941
1128953
1129105
1129157
1129259
1129372
1129551
1129634
1129650
1129757
1129783
1129788
1129911
1129970
1130015
1130016
1130021
1130022
1130023
1130027
1130033
1130035
1130037
1130039
1130040
1130041
1130042
1130043
1130045
1130046
1130049
1130127
1130135
1130184
1130221
1130441
1130528
1130717
1130718
1130719
1130720
1130775
1130864
1130868
1130883
1130891
1130927
1130970
1130975
1130987
1131012
1131027
1131113
1131173
1131197
1131198
1131204
1131228
1131282
1131312
1131348
1131425
1131453
1131547
1131632
1131759
1131816
1131863
1131873
1131929
1131961
1132020
1132024
1132037
1132052
1132063
1132073
1132078
1132080
1132117
1132118
1132125
1132134
1132167
1132176
1132220
1132266
1132680
1132824
1132868
1133114
1133115
1133116
1133117
1133118
1133119
1133120
1133121
1133210
1133211
1133221
1133230
1133317
1133471
1133472
1133473
1133481
1133842
1133861
1133879
1133920
1133924
1134053
1134086
1134100
1134136
1134376
1134446
1134467
1134468
1134559
1134574
1134635
1134658
1134677
1134733
1134763
1134812
1135040
1135082
1135159
1135258
1135630
1135631
1135632
1135633
1135638
1135648
1135650
1135688
1135690
1135696
1135699
1135729
1135733
1135764
1135791
1135819
1135893
1135934
1135996
1136014
1136019
1136025
1136039
1136052
1136109
1136127
1136154
1136163
1136196
1136207
1136277
1136286
1136352
1136356
1136417
1136487
1136492
1136496
1136520
1136521
1136523
1136572
1136597
1136632
1136665
1136668
1136669
1136706
1136719
1136723
1136740
1136770
1136783
1136811
1136835
1136848
1136849
1136853
1136869
1136889
1136895
1136901
1136905
1136949
1136990
1137005
1137014
1137022
1137023
1137035
1137039
1137062
1137137
1137189
1137204
1137232
1137251
1137256
1137279
1137310
1137465
1137482
1137483
1137484
1137485
1137491
1137492
1137493
1137494
1137495
1137497
1137500
1137501
1137503
1137504
1137505
1137506
1137507
1137508
1137509
1137510
1137512
1137513
1137515
1137517
1137518
1137519
1137520
1137521
1137523
1137526
1137527
1137528
1137529
1137530
1137531
1137532
1137534
1137535
1137536
1137538
1137539
1137541
1137545
1137546
1137547
1137548
1137551
1137554
1137555
1137556
1137557
1137561
1137562
1137566
1137567
1137568
1137569
1137570
1137571
1137575
1137576
1137577
1137579
1137580
1137581
1137583
1137586
1137589
1137591
1137592
1137594
1137596
1137597
1137598
1137600
1137601
1137602
1137603
1137604
1137608
1137609
1137614
1137616
1137617
1137618
1137619
1137620
1137621
1137622
1137623
1137624
1137626
1137628
1137629
1137633
1137635
1137638
1137639
1137641
1137642
1137644
1137645
1137646
1137647
1137648
1137649
1137650
1137651
1137652
1137653
1137654
1137655
1137656
1137657
1137658
1137659
1137660
1137661
1137662
1137663
1137664
1137666
1137668
1137670
1137671
1137674
1137675
1137676
1137677
1137678
1137680
1137682
1137683
1137684
1137686
1137687
1137688
1137690
1137691
1137692
1137695
1137696
1137697
1137698
1137699
1137700
1137701
1137702
1137704
1137705
1137706
1137707
1137710
1137713
1137714
1137715
1137716
1137717
1137718
1137721
1137722
1137724
1137725
1137727
1137728
1137729
1137730
1137731
1137732
1137733
1137734
1137735
1137736
1137737
1137738
1137739
1137741
1137742
1137745
1137746
1137748
1137749
1137750
1137763
1137773
1137775
1137812
1137862
1137902
1137905
1137929
1137948
1137949
1138060
1138246
1138247
1138253
1138259
1138884
1138953
1139011
1139012
1139020
1139041
1139067
1139072
1139151
1139175
1139190
1139259
1139313
1139344
1139481
1139483
1139488
1139506
1139508
1139511
1139512
1139518
1139519
1139533
1139539
1139557
1139568
1139614
1139655
1139660
1139702
1139708
1139739
1139750
1139751
1139758
1139837
1139869
1139889
1139900
1139916
1139923
1139947
1139949
1139952
1139999
1140009
1140023
1140051
1140064
1140069
1140098
1140113
1140127
1140129
1140142
1140144
1140146
1140156
1140181
1140188
1140210
1140229
1140256
1140285
1140295
1140307
1140313
1140323
1140328
1140331
1140340
1140365
1140378
1140419
1140420
1140472
1140473
1140508
1140521
1140523
1140532
1140542
1140547
1140562
1140578
1140582
1140593
1140605
1140617
1140627
1140631
1140699
1140701
1140769
1140800
1140819
1140844
1140887
1140899
1140907
1140940
1140959
1140985
1140991
1140992
1141034
1141049
1141053
1141071
1141085
1141089
1141095
1141096
1141109
1141112
1141116
1141159
1141167
1141200
1141204
1141225
1144642
1144704
1144762
1144795
1144819
1144828
1144867
1144935
1144967
1145047
1145086
1145094
1145104
1145112
1145121
1145126
1145164
1145172
1145173
1145176
1145177
1145190
1145191
1145256
1145280
1145304
1145519
1145747
1145874
1146021
1146075
1146129
1146358
1146384
1146445
1146475
1146480
1146553
1146602
1146617
1146625
1146797
1146887
1146897
1146910
1146947
1147049
1147119
1147161
1147175
1147194
1147211
1147216
1147257
1147271
1147298
1147305
1147314
1147338
1147408
1147415
1147419
1147446
1147460
1147491
1147498
1147509
1147513
1147517
1147535
1147627
1147650
1147675
1147678
1147706
1147710
1147728
1147754
1147756
1147778
1147779
1147797
1147801
1147803
1147846
1147864
1147924
1147936
1147937
1147944
1147948
1147983
1147984
1148173
1148228
1148561
1148599
1148645
1148692
1148694
1148719
1148747
1148767
1148825
1148852
1148876
1148882
1148894
1149078
1149080
1149084
1149087
1149119
1149294
1149307
1149335
1149381
1149453
1149559
1149564
1149603
1149606
1149627
1149628
1149629
1149636
1149668
1149678
1149679
1149681
1149697
1149706
1149747
1149752
1149800
1149832
1149844
1149871
1149894
1149898
1149988
1149993
1150147
1150224
1150308
1150366
1150787
1150835
1150876
1150898
1150900
1150970
1151732
1151733
1151734
1151735
1151736
1151737
1151738
1151739
1151743
1151744
1151745
1151746
1151747
1151748
1151749
1151750
1151751
1151752
1151753
1151755
1151756
1151757
1151758
1151760
1151761
1151762
1151763
1151764
1151765
1151766
1151768
1151770
1151771
1151772
1151773
1151775
1151776
1151777
1151778
1151779
1151780
1151781
1151782
1151783
1151784
1151785
1151786
1151788
1151789
1151790
1151791
1151793
1151794
1151796
1151797
1151799
1151800
1151801
1151802
1151803
1151806
1151807
1151808
1151809
1151810
1151811
1151812
1151813
1151815
1151816
1151817
1151818
1151819
1151820
1151821
1151822
1151823
1151825
1151826
1151827
1151828
1151829
1151830
1151831
1151832
1151833
1151834
1151835
1151836
1151837
1151838
1151839
1151840
1151841
1151843
1151844
1151845
1151846
1151847
1151848
1151849
1151850
1151852
1151853
1151855
1151856
1151858
1151859
1151860
1151862
1151863
1151864
1151865
1151866
1151867
1151868
1151869
1151870
1151871
1151872
1151873
1151874
1151875
1151876
1151877
1151878
1151879
1151881
1151883
1151884
1151885
1151886
1151887
1151889
1151890
1151893
1151894
1151895
1151896
1151898
1151900
1151902
1151904
1151905
1151906
1151908
1151909
1151910
1151911
1151912
1151913
1151915
1151916
1151917
1151918
1151919
1151920
1151921
1151922
1151924
1151926
1151927
1151928
1151929
1151930
1151933
1151934
1151935
1151936
1151937
1151938
1151939
1151940
1151941
1151942
1151943
1151945
1151946
1151947
1151948
1151949
1151950
1151951
1151952
1151953
1151954
1151955
1151957
1151959
1151960
1151961
1151963
1151964
1151965
1151966
1151967
1151968
1151969
1151970
1151971
1151972
1151974
1151975
1151976
1151977
1151978
1151979
1151980
1151981
1151982
1151983
1151984
1151985
1151986
1151987
1151988
1151989
1151991
1151992
1151993
1151994
1151998
1151999
1152000
1152001
1152002
1152003
1152004
1152005
1152006
1152007
1152008
1152009
1152010
1152012
1152013
1152014
1152016
1152018
1152019
1152020
1152022
1152023
1152024
1152025
1152026
1152027
1152028
1152029
1152030
1152031
1152032
1152033
1152034
1152035
1152036
1152037
1152038
1152039
1152040
1152041
1152042
1152043
1152044
1152045
1152046
1152047
1152048
1152049
1152050
1152052
1152053
1152054
1152055
1152056
1152057
1152059
1152060
1152061
1152062
1152063
1152064
1152065
1152067
1152068
1152069
1152070
1152071
1152072
1152073
1152074
1152075
1152076
1152077
1152079
1152080
1152081
1152083
1152084
1152086
1152087
1152088
1152089
1152090
1152091
1152093
1152096
1152097
1152098
1152099
1152100
1152101
1152102
1152103
1152104
1152105
1152106
1152155
1152454
1152474
1152539
1152543
1152563
1152564
1152569
1152710
1152783
1153210
1153880
1153951
1153989
1154176
1154189
1154191
1155176
1155259
1155780
1156017
1156034
1156287
1156336
1156351
1156369
1156390
1157177
1157272
1157396
1157443
1157488
1157549
1157598
1157641
1157655
1157665
1157686
1157726
1157727
1157733
1158580
1164803
1164805
1164833
1164934
1164953
1164958
1165008
1165039
1165057
1165118
1165141
1170533
1170537
1170540
1170797
1170864
1171416
1171600
1171784
1171805
1172235
1172324
1172332
1173268
1173587
1173650
1173754
1174237
1174961
1175008
1177018
1177161
1177334
1178718
1179136
1179174
1179303
1179304
1179358
1179589
1179614
1179639
1179644
1179779
1180003
1180115
1180199
