1004809
1036519
1040761
1053690
1056623
1069216
1069223
1069230
1069237
1069244
1069251
1069258
1069265
1069272
1069279
1069286
1069293
1069300
1069307
1077224
1077231
1077238
1077245
1077252
1077259
1077266
1077273
1077280
1077287
1077294
1077301
1077308
1077315
1077322
1077329
1090678
1092022
1092029
1092358
1092442
1093548
1094103
1094508
1094529
1095135
1095139
1095186
1096842
1096843
1096894
1096974
1097660
1097872
1097976
1098151
1098584
1098585
1098586
1098587
1098588
1098589
1098590
1098591
1098592
1098593
1098594
1098595
1098596
1098597
1098598
1098599
1098600
1098601
1098602
1098603
1098604
1098772
1099000
1099001
1099002
1099003
1099004
1099005
1099006
1099007
1099008
1099009
1099010
1099011
1099012
1099013
1099014
1099015
1099016
1099017
1099018
1099019
1099020
1099021
1099620
1099621
1099622
1099623
1099624
1099626
1099628
1099629
1099630
1099631
1099632
1099633
1099634
1099635
1100327
1107917
1116310
1116499
1116501
1117667
1117905
1117908
1118109
1118111
1118112
1118262
1118506
1118548
1118639
1118726
1118779
1118790
1119146
1119147
1119274
1119377
1119479
1120298
1120610
1120799
1122262
1122320
1122321
1122322
1122323
1122324
1122325
1122342
1122343
1122344
1122356
1122357
1122640
1122707
1122726
1122800
1122801
1122802
1122803
1122804
1122805
1122806
1122807
1122808
1122809
1122810
1122811
1122812
1122813
1122814
1122815
1122816
1122817
1122818
1122819
1122820
1122821
1122822
1122823
1122824
1122825
1122826
1122827
1122998
1123172
1123173
1123174
1123175
1123176
1123177
1123178
1123179
1123180
1123181
1123182
1123183
1123184
1123185
1123186
1123187
1123188
1123193
1123633
1123634
1123635
1123636
1123637
1123638
1123639
1123640
1123641
1123642
1123643
1123644
1123645
1123646
1123647
1123648
1123649
1123650
1123651
1123652
1123653
1123654
1123655
1123656
1123657
1123658
1123659
1123660
1123723
1123724
1123725
1123773
1123792
1123793
1123808
1123877
1123881
1123907
1123992
1124011
1124025
1124066
1124068
1124077
1124078
1124106
1124143
1124157
1124177
1124198
1124230
1124241
1124312
1124396
1124418
1124432
1124455
1124490
1124507
1124509
1124525
1124526
1124527
1124588
1124612
1124627
1124637
1124683
1124686
1124700
1124703
1124750
1124780
1124841
1124872
1124875
1124880
1124897
1124898
1124933
1125002
1125007
1125009
1125025
1125026
1125111
1125112
1125113
1125120
1125173
1125200
1125220
1125235
1125252
1125284
1125374
1125419
1125487
1125500
1125630
1125730
1125762
1125808
1125844
1125875
1125892
1125899
1125971
1125980
1125981
1125991
1126008
1126020
1126061
1126098
1126168
1126182
1126186
1126187
1126202
1126203
1126236
1126238
1126246
1126249
1126263
1126309
1126316
1126333
1126339
1126344
1126362
1126365
1126375
1126384
1126395
1126425
1126442
1126465
1126475
1126485
1126511
1126517
1126529
1126531
1126551
1126563
1126564
1126586
1126607
1126615
1126616
1126638
1126639
1126667
1126669
1126671
1126672
1126675
1126682
1126692
1126696
1126697
1126698
1126700
1126701
1126706
1126711
1126714
1126715
1126725
1126728
1126732
1126736
1126737
1126795
1126801
1126815
1126843
1126844
1126847
1126868
1126871
1126946
1126968
1126980
1126994
1127023
1127027
1127043
1127051
1127052
1127053
1127059
1127103
1127107
1127108
1127109
1127136
1127145
1127154
1127165
1127187
1127194
1127200
1127210
1127212
1127215
1127218
1127231
1127237
1127257
1127301
1127314
1127339
1127356
1127359
1127372
1127382
1127416
1127448
1127451
1127452
1127461
1127467
1127479
1127480
1127499
1127512
1127521
1127549
1127550
1127560
1127596
1127783
1127835
1127837
1127859
1128014
1128032
1128037
1128038
1128041
1128064
1128083
1128084
1128105
1128137
1128138
1128140
1128146
1128151
1128159
1128403
1128453
1128477
1128478
1128479
1128480
1128481
1128482
1128495
1128533
1128538
1128583
1128584
1128791
1128900
1128955
1128991
1129001
1129010
1129035
1129061
1129063
1129077
1129092
1129118
1129120
1129122
1129123
1129141
1129151
1129152
1129159
1129182
1129192
1129210
1129229
1129280
1129293
1129297
1129321
1129325
1129329
1129335
1129337
1129338
1129339
1129340
1129348
1129351
1129353
1129363
1129390
1129421
1129447
1129448
1129449
1129479
1129489
1129494
1129498
1129506
1129512
1129514
1129515
1129520
1129522
1129590
1129599
1129630
1129636
1129641
1129645
1129653
1129654
1129658
1129670
1129734
1129778
1129779
1129780
1129806
1129815
1129843
1129921
1129937
1129954
1129957
1129962
1129968
1129990
1129992
1130006
1130069
1130073
1130087
1130094
1130109
1130129
1130213
1130534
1130701
1130704
1130706
1130708
1130709
1130711
1130712
1130713
1130776
1130861
1130884
1130906
1130907
1130914
1130918
1130919
1130922
1130923
1130964
1130982
1131006
1131062
1131131
1131174
1131249
1131250
1131358
1131431
1131437
1131485
1131521
1131536
1131537
1131585
1131610
1131622
1131664
1131741
1131765
1131766
1131809
1131837
1131856
1131868
1131916
1131917
1132012
1132013
1132014
1132035
1132056
1132057
1132127
1132128
1132194
1132219
1132261
1132270
1132650
1132669
1132677
1132695
1132716
1132761
1132781
1132800
1132872
1132899
1132906
1132932
1132933
1132934
1132935
1132936
1132937
1132938
1133104
1133105
1133106
1133107
1133108
1133109
1133110
1133111
1133112
1133113
1133183
1133836
1133858
1133875
1133900
1133917
1133923
1133936
1133943
1133945
1133964
1133991
1133992
1134018
1134023
1134024
1134026
1134066
1134070
1134079
1134082
1134095
1134101
1134108
1134409
1134413
1134415
1134416
1134451
1134517
1134543
1134629
1134691
1134730
1134731
1134754
1134944
1134945
1135054
1135083
1135114
1135123
1135125
1135148
1135621
1135677
1135792
1135816
1135833
1135834
1135879
1135881
1135891
1135911
1135923
1135928
1135951
1135958
1135966
1135981
1135992
1136040
1136083
1136101
1136118
1136129
1136249
1136274
1136281
1136294
1136296
1136297
1136314
1136316
1136341
1136344
1136357
1136371
1136381
1136384
1136398
1136403
1136404
1136405
1136408
1136423
1136426
1136435
1136436
1136437
1136439
1136443
1136446
1136449
1136456
1136458
1136459
1136461
1136527
1136534
1136561
1136605
1136606
1136627
1136683
1136714
1136752
1136753
1136813
1136846
1136868
1136898
1136984
1136991
1136992
1136993
1137007
1137036
1137101
1137109
1137296
1137782
1137828
1137890
1137891
1137921
1137992
1137993
1138202
1138302
1138312
1138341
1138344
1138379
1138404
1138413
1138473
1138479
1138527
1138528
1138560
1138597
1138611
1138615
1138638
1138700
1138701
1138703
1138750
1138770
1138787
1138808
1138891
1138986
1139026
1139032
1139059
1139060
1139090
1139165
1139198
1139233
1139255
1139264
1139283
1139356
1139371
1139425
1139477
1139492
1139536
1139543
1139700
1139734
1139754
1139789
1139790
1139942
1139986
1140056
1140074
1140173
1140174
1140175
1140179
1140205
1140250
1140449
1140460
1140485
1140536
1140559
1140622
1140633
1140731
1140760
1140762
1140801
1140920
1141014
1141056
1141111
1141150
1141152
1141154
1141161
1141559
1144652
1144791
1144798
1144865
1144879
1144890
1144977
1145013
1145053
1145055
1145056
1145179
1145192
1145193
1145194
1145481
1145482
1145730
1145731
1145732
1145733
1145757
1145769
1146119
1146245
1146352
1146364
1146367
1146374
1146378
1146440
1146459
1146487
1146521
1146530
1146593
1146642
1146690
1146693
1146694
1146695
1146731
1146749
1146950
1147000
1147003
1147040
1147067
1147108
1147133
1147153
1147192
1147280
1147341
1147344
1147397
1147404
1147410
1147418
1147453
1147467
1147468
1147482
1147493
1147549
1147593
1147659
1147660
1147741
1147747
1147826
1147847
1147876
1147985
1148162
1148501
1148502
1148517
1148519
1148540
1148558
1148563
1148575
1148602
1148652
1148666
1148699
1148700
1148812
1148822
1148841
1148883
1148898
1148899
1148980
1149026
1149043
1149044
1149167
1149170
1149219
1149225
1149230
1149238
1149310
1149315
1149318
1149326
1149330
1149398
1149399
1149403
1149413
1149417
1149536
1149553
1149555
1149556
1149612
1149635
1149639
1149656
1149711
1149712
1149822
1149875
1149905
1149932
1149944
1149977
1150005
1150040
1150058
1150061
1150068
1150086
1150140
1150475
1150731
1150732
1150822
1150838
1150858
1150866
1150932
1150992
1151003
1151007
1151051
1151056
1151064
1151152
1151221
1152131
1152494
1152518
1152522
1152548
1152561
1152562
1152709
1152712
1152727
1154014
1154081
1154175
1154188
1154190
1154205
1154221
1155186
1155852
1156227
1156300
1156311
1156355
1156362
1157717
1157725
1158499
1164431
1164786
1164825
1164865
1164884
1164888
1164941
1164981
1165060
1165315
1173593
1174968
1175765
1175906
1177506
1179371
1180400
1180958
1181019
1181170
1181295
1181396
1181415
1181572
1181576
1181597
1181599
1181604
1181619
1181632
1181635
1181665
1181666
1181687
1181716
1181723
1181756
1181763
1181783
1181784
1181785
1181805
1181806
1181835
1181836
1181837
1181901
1181903
1181904
1181905
1181908
1181968
1181975
1182025
1182059
1182077
1182094
1182096
1182097
1182154
1182161
1182165
1182231
1182271
1182312
1182339
1182411
1182429
1182430
1182452
1182664
1182671
1182673
1182689
1182707
1182745
1182764
1182805
1182860
1182963
1183028
1183168
1183178
1183190
1183191
1183222
1188500
1188584
1188769
