1000105
1004606
1004683
1004704
1004746
1004823
1004830
1004851
1004879
1005201
1005747
1025340
1025347
1025354
1027797
1036036
1038066
1040229
1040236
1040243
1040250
1040257
1040292
1040299
1040306
1040943
1040992
1041020
1041174
1043820
1043834
1043848
1043897
1043925
1043932
1043974
1043988
1044030
1044037
1044044
1044471
1044478
1044485
1044492
1044499
1044506
1044534
1047621
1047628
1047635
1054467
1066493
1069321
1076468
1084658
1084665
1084700
1084707
1084938
1084945
1084952
1084959
1084966
1084973
1084980
1084987
1084994
1085001
1085008
1085015
1085022
1085029
1085036
1085043
1085050
1085057
1086653
1086660
1086667
1086674
1090321
1090328
1090342
1090349
1090951
1092673
1092680
1092687
1092694
1092729
1093726
1093790
1094044
1094047
1094058
1094065
1094066
1094078
1094084
1094087
1094089
1094093
1094094
1094097
1094101
1094107
1094108
1094110
1094111
1094113
1094116
1094121
1094133
1094134
1094143
1094144
1094148
1094152
1094164
1094467
1094484
1094517
1094807
1094839
1094843
1095077
1095105
1095123
1095446
1096295
1096672
1096674
1096899
1097042
1097086
1097098
1097518
1097519
1097523
1097624
1097708
1097773
1097775
1097883
1097889
1097968
1098141
1098146
1098435
1098446
1098448
1098449
1098450
1098451
1098452
1098453
1098457
1098512
1098817
1098833
1098865
1099123
1099124
1099128
1099129
1099130
1099131
1099133
1099136
1099139
1099141
1099143
1099154
1099159
1099162
1099183
1099194
1099279
1099280
1099281
1099293
1099323
1099328
1099329
1099330
1099334
1099365
1099368
1099381
1099553
1099554
1099565
1099572
1099643
1100180
1100323
1116377
1116384
1116430
1116431
1116432
1116433
1116434
1116486
1116491
1116492
1116493
1117675
1117685
1117808
1117809
1117810
1117829
1117833
1118273
1118298
1118300
1118390
1118425
1118427
1118545
1118813
1118852
1119133
1119143
1119160
1119471
1119483
1119526
1119548
1119561
1119580
1119654
1119661
1119686
1119732
1119899
1120352
1121882
1121964
1121969
1122051
1122136
1122137
1122138
1122139
1122341
1122345
1122452
1122523
1123142
1123143
1123144
1123145
1123146
1123205
1123211
1123214
1123215
1123734
1123802
1123838
1124132
1124206
1124236
1124351
1124376
1124731
1124823
1124888
1124946
1124952
1125033
1125145
1125409
1125423
1125435
1125492
1125497
1125620
1125704
1125705
1125767
1125863
1126028
1126046
1126048
1126136
1126372
1126419
1126471
1126588
1126648
1126649
1126650
1126651
1126678
1126750
1126821
1126841
1126867
1127035
1127083
1127133
1127152
1127223
1127246
1127269
1127317
1127324
1127386
1127393
1127476
1127486
1127487
1127490
1127493
1127554
1127601
1127819
1127824
1127862
1128087
1128145
1128157
1128577
1128578
1128783
1128806
1128834
1128835
1129112
1129286
1129548
1129569
1129618
1129716
1129730
1129789
1129845
1129864
1129865
1130514
1130529
1130845
1130850
1130876
1130886
1130895
1130897
1130917
1130960
1131121
1131233
1131247
1131256
1131308
1131316
1131330
1131411
1131457
1131484
1131571
1131584
1131612
1131615
1131637
1131693
1131708
1131757
1131760
1131827
1131848
1131860
1131869
1131885
1131893
1131993
1131995
1132032
1132047
1132048
1132050
1132121
1132191
1132236
1132276
1132666
1133202
1133243
1133839
1133896
1134011
1134709
1134965
1135613
1136027
1136078
1136094
1136095
1136096
1136097
1136098
1136455
1137239
1137240
1137988
1138037
1138163
1138231
1138409
1138469
1138652
1138956
1139636
1140405
1141134
1141546
1144810
1144835
1145149
1145265
1146326
1146552
1146819
1146820
1146847
1146929
1146948
1146957
1146990
1147030
1147505
1147583
1147758
1147903
1147929
1148071
1148072
1148089
1148149
1148458
1148532
1148705
1148706
1149490
1152095
1153950
1154011
1154096
1154243
1154255
1155203
1155884
1155885
1156236
1157240
1157534
1157546
1157729
1164761
1165066
1170541
1170790
1171609
1171844
1173269
1173271
1173419
1173431
1173432
1173518
1173777
1174354
1174690
1174692
1174694
1175716
1175816
1175912
1176461
1177007
1177017
1177445
1178238
1179231
1179299
1179716
1179727
1179766
1180136
1180137
1180262
1180693
1180767
1180957
1180993
1181041
1181209
1181210
1181216
1181252
1181291
1181293
1181297
1181395
1181405
1181407
1181408
1181409
1181413
1181537
1181629
1181638
1181640
1181663
1181711
1181875
1181878
1181881
1181898
1181989
1181996
1182042
1182089
1182144
1182200
1182201
1182223
1182224
1182258
1182261
1182287
1182319
1182322
1182332
1182374
1182375
1182409
1182412
1182414
1182442
1182443
1182475
1182509
1182515
1182549
1182556
1182557
1182580
1182712
1182713
1182754
1182755
1182756
1182757
1182768
1182770
1182785
1182801
1182806
1182814
1182833
1182841
1182842
1182852
1182914
1182925
1182926
1182927
1182928
1182929
1182930
1182933
1182934
1182935
1182936
1182937
1182938
1182954
1182957
1182958
1182960
1182962
1182987
1182993
1183055
1183071
1183086
1183087
1183088
1183107
1183115
1183125
1183216
1183234
1184638
