1001925
1004613
1004676
1004739
1004900
1005054
1005187
1005950
1006041
1006048
1006055
1006062
1006069
1006076
1006097
1006363
1025312
1027839
1036043
1036050
1036498
1036526
1036624
1036638
1036694
1036701
1036785
1037016
1038080
1040964
1043708
1043750
1043883
1043981
1044009
1044051
1044072
1044079
1044086
1044100
1044107
1044548
1044562
1044569
1044576
1044583
1049084
1053648
1053669
1054460
1056686
1058744
1058751
1058758
1058765
1058772
1058779
1058786
1058793
1058800
1058807
1058814
1058821
1058828
1058835
1058842
1058849
1058856
1058863
1058870
1058877
1058884
1058891
1058898
1058905
1058912
1058919
1058926
1058933
1058940
1058947
1058954
1058961
1058968
1058975
1058982
1058989
1058996
1059003
1059010
1059017
1059024
1059031
1059038
1059045
1059052
1063189
1063196
1063203
1063217
1063224
1063231
1063238
1066577
1066584
1069167
1069174
1069181
1069188
1069195
1069202
1069209
1069342
1071960
1077336
1083412
1084679
1084686
1084854
1084861
1084868
1084875
1084882
1084889
1084896
1084903
1084910
1084917
1084924
1084931
1090363
1090370
1091490
1091532
1091560
1091567
1091609
1091616
1091833
1092036
1092050
1092078
1092085
1092092
1092099
1092106
1092113
1092120
1092127
1092141
1092267
1092281
1093646
1094190
1094194
1094778
1094836
1094837
1094838
1094840
1094841
1094842
1094844
1094845
1094847
1094848
1094850
1094853
1094862
1094864
1094865
1094903
1094904
1094939
1095005
1095027
1095035
1095036
1095055
1095070
1095075
1095103
1095106
1095227
1095240
1095266
1095275
1095291
1095292
1095294
1095295
1095312
1095444
1095448
1095449
1095455
1095456
1095598
1095652
1095653
1095654
1095655
1095656
1095657
1095658
1095659
1095660
1095661
1095662
1095663
1095664
1095665
1095666
1095667
1095668
1095669
1095703
1095704
1095705
1095706
1095707
1095708
1095709
1095710
1095711
1095712
1095713
1095714
1095715
1095716
1095717
1095718
1095719
1095720
1095721
1095722
1095723
1095745
1095746
1095747
1095748
1095749
1095750
1095751
1095752
1095753
1095754
1095755
1095756
1095757
1095758
1095759
1095781
1095782
1095783
1095784
1095785
1095786
1095787
1095788
1095789
1095790
1095791
1095792
1095793
1095794
1095795
1095796
1095797
1095798
1095799
1095800
1095801
1095802
1095803
1095804
1095805
1095806
1095807
1095808
1095809
1095810
1095811
1095812
1095813
1095814
1095815
1095816
1095817
1095818
1095819
1095820
1095821
1095822
1095823
1095824
1095825
1095826
1095827
1095828
1095897
1095898
1095899
1095900
1095901
1095902
1095903
1095904
1095905
1095906
1095907
1095908
1095909
1095910
1095911
1095912
1095913
1095914
1095915
1095916
1095917
1095918
1095919
1095920
1095921
1095922
1095923
1095924
1096404
1096405
1096669
1096670
1096961
1096976
1096995
1096998
1097022
1097025
1097053
1097062
1097065
1097104
1097285
1097287
1097289
1097418
1097419
1097420
1097569
1097573
1097621
1097639
1097642
1097643
1097685
1097717
1097727
1097770
1097858
1097875
1097911
1097919
1097967
1098015
1098024
1098172
1098203
1098260
1098263
1098266
1098409
1098447
1098462
1098478
1098503
1098507
1098577
1098606
1098814
1098987
1098989
1098993
1099022
1099031
1099032
1099119
1099120
1099122
1099146
1099150
1099153
1099155
1099156
1099158
1099160
1099161
1099163
1099176
1099177
1099182
1099186
1099188
1099193
1099198
1099199
1099200
1099210
1099213
1099214
1099215
1099216
1099217
1099218
1099219
1099220
1099221
1099222
1099223
1099224
1099225
1099226
1099227
1099228
1099229
1099230
1099231
1099232
1099233
1099234
1099235
1099236
1099237
1099238
1099239
1099240
1099241
1099242
1099243
1099244
1099245
1099246
1099247
1099248
1099249
1099277
1099278
1099303
1099316
1099317
1099319
1099321
1099324
1099332
1099340
1099345
1099349
1099351
1099352
1099356
1099360
1099364
1099367
1099370
1099377
1099378
1099391
1099392
1099508
1099546
1099548
1099549
1099550
1099555
1099557
1099559
1099560
1099564
1099566
1099567
1099568
1099569
1099578
1099597
1099636
1100221
1100278
1100325
1101072
1101892
1102552
1102725
1106834
1107458
1109808
1110083
1112098
1112141
1113954
1115438
1116076
1116370
1116371
1116382
1116445
1116502
1117662
1117666
1117668
1117674
1117679
1117681
1117682
1117812
1117844
1117857
1117895
1117909
1117930
1117932
1117941
1117944
1117945
1117948
1117949
1118229
1118235
1118236
1118265
1118294
1118333
1118334
1118379
1118388
1118420
1118464
1118477
1118491
1118492
1118513
1118539
1118542
1118549
1118553
1118554
1118577
1118588
1118596
1118597
1118598
1118599
1118600
1118604
1118718
1118722
1118737
1118766
1118768
1118777
1118778
1118821
1118869
1118922
1118929
1118930
1118932
1118934
1118938
1118939
1118945
1118948
1118949
1118950
1118953
1118955
1118957
1118958
1118959
1118964
1118966
1118967
1118970
1118971
1118973
1118974
1118976
1118977
1118979
1118982
1118984
1118985
1118986
1118998
1119201
1119205
1119213
1119287
1119289
1119290
1119291
1119292
1119295
1119297
1119298
1119379
1119484
1119508
1119600
1119601
1119602
1119603
1119604
1119605
1119606
1119607
1119608
1119609
1119611
1119612
1119613
1119614
1119615
1119616
1119617
1119618
1119731
1119739
1119755
1120278
1120315
1120605
1120614
1120626
1120782
1120803
1120810
1120815
1120940
1121112
1121113
1121120
1121448
1121452
1121766
1121773
1121779
1121793
1121794
1121795
1121796
1121797
1121798
1121800
1121801
1121802
1121803
1121804
1121830
1121838
1121857
1121873
1121874
1121881
1121892
1121948
1122045
1122046
1122053
1122260
1122309
1122329
1122370
1122420
1122455
1122537
1122557
1122572
1122575
1122576
1122582
1122590
1122597
1122613
1122627
1122660
1122661
1122662
1122663
1122664
1122667
1122668
1122669
1122670
1122671
1122672
1122673
1122674
1122675
1122676
1122677
1122678
1122679
1122700
1122701
1122729
1122761
1122795
1122839
1122840
1122841
1122842
1122843
1122844
1122845
1122846
1122847
1122848
1122849
1122850
1122851
1122852
1122853
1122854
1122855
1122856
1122857
1122858
1122859
1122860
1122861
1122862
1122863
1122864
1122865
1122866
1122867
1122868
1122869
1122870
1122871
1122872
1122873
1122874
1122875
1122876
1122877
1122878
1122879
1122880
1122881
1122882
1122883
1122884
1122885
1122886
1122887
1122888
1122889
1122890
1122891
1122892
1122893
1122894
1123154
1123191
1123198
1123199
1123200
1123201
1123202
1123217
1123218
1123219
1123220
1123221
1123222
1123234
1123236
1123237
1123238
1123239
1123240
1123241
1123242
1123243
1123244
1123248
1123250
1123251
1123323
1123324
1123326
1123327
1123328
1123330
1123333
1123544
1123605
1123669
1123671
1123674
1123682
1123687
1123691
1123696
1123697
1123707
1123713
1123717
1123739
1123742
1123801
1123806
1123813
1123816
1123817
1123819
1123820
1123822
1123823
1123825
1123844
1123849
1123851
1123856
1123857
1123870
1123876
1123883
1123886
1123911
1123913
1123914
1123915
1123916
1123917
1123918
1123919
1123920
1123921
1123922
1123923
1123924
1123925
1123926
1123927
1123928
1123929
1123930
1123931
1123932
1123933
1123934
1123935
1123936
1123937
1123938
1123939
1123940
1123941
1123942
1123943
1123944
1123945
1123953
1123961
1123964
1123971
1123975
1123977
1123981
1123983
1123984
1123985
1123988
1123990
1124017
1124018
1124029
1124039
1124052
1124057
1124059
1124063
1124067
1124088
1124089
1124090
1124098
1124101
1124104
1124107
1124122
1124134
1124148
1124149
1124152
1124154
1124160
1124161
1124173
1124226
1124235
1124238
1124250
1124255
1124259
1124262
1124264
1124268
1124269
1124278
1124300
1124302
1124303
1124304
1124310
1124332
1124358
1124363
1124378
1124390
1124392
1124395
1124402
1124446
1124447
1124461
1124486
1124491
1124510
1124523
1124549
1124554
1124560
1124571
1124573
1124574
1124611
1124631
1124652
1124697
1124698
1124709
1124711
1124716
1124725
1124726
1124737
1124739
1124740
1124748
1124758
1124768
1124769
1124776
1124782
1124785
1124795
1124810
1124829
1124831
1124848
1124878
1124879
1124907
1124908
1124909
1124915
1124924
1124925
1124958
1124963
1124965
1124968
1124974
1124975
1124990
1125017
1125027
1125035
1125042
1125043
1125044
1125064
1125065
1125067
1125084
1125085
1125088
1125102
1125108
1125121
1125127
1125136
1125144
1125162
1125164
1125188
1125202
1125203
1125217
1125225
1125228
1125256
1125268
1125272
1125286
1125292
1125297
1125299
1125303
1125325
1125340
1125349
1125363
1125375
1125383
1125431
1125447
1125452
1125468
1125475
1125489
1125493
1125539
1125544
1125545
1125553
1125580
1125584
1125607
1125627
1125628
1125634
1125638
1125672
1125679
1125687
1125703
1125721
1125724
1125726
1125731
1125737
1125739
1125743
1125745
1125747
1125749
1125754
1125755
1125765
1125766
1125774
1125775
1125777
1125782
1125785
1125786
1125787
1125790
1125791
1125797
1125802
1125814
1125817
1125836
1125841
1125850
1125867
1125876
1125884
1125885
1125887
1125888
1125889
1125891
1125894
1125913
1125919
1125921
1125933
1125944
1125954
1125956
1125961
1125985
1125997
1126017
1126021
1126033
1126051
1126056
1126179
1126188
1126194
1126205
1126213
1126222
1126223
1126224
1126225
1126226
1126227
1126240
1126245
1126250
1126256
1126278
1126279
1126280
1126289
1126292
1126366
1126370
1126381
1126388
1126406
1126473
1126474
1126492
1126514
1126522
1126541
1126590
1126629
1126660
1126663
1126687
1126713
1126754
1126805
1126833
1126851
1126852
1126856
1126862
1126875
1126878
1126882
1126884
1126897
1126898
1126899
1126900
1126901
1126902
1126903
1126904
1126905
1126906
1126907
1126908
1126909
1126911
1126912
1126913
1126914
1126922
1126942
1126945
1126947
1126953
1126957
1126967
1126970
1126977
1126979
1126985
1127001
1127007
1127011
1127024
1127049
1127056
1127064
1127070
1127076
1127116
1127129
1127131
1127175
1127197
1127202
1127224
1127225
1127230
1127239
1127241
1127249
1127256
1127259
1127274
1127278
1127281
1127285
1127312
1127315
1127325
1127329
1127332
1127335
1127342
1127373
1127374
1127375
1127402
1127411
1127412
1127430
1127432
1127434
1127468
1127498
1127508
1127509
1127510
1127515
1127516
1127520
1127564
1127571
1127574
1127590
1127600
1127657
1127659
1127797
1127810
1127817
1127818
1127822
1127823
1127826
1127829
1127841
1127843
1127848
1127849
1127867
1127868
1127875
1127877
1127880
1127910
1127949
1127953
1128020
1128024
1128025
1128030
1128031
1128035
1128036
1128050
1128051
1128053
1128074
1128089
1128166
1128376
1128380
1128387
1128400
1128407
1128413
1128420
1128433
1128434
1128435
1128436
1128437
1128438
1128439
1128440
1128441
1128442
1128443
1128444
1128463
1128465
1128466
1128504
1128510
1128517
1128523
1128532
1128545
1128546
1128562
1128563
1128599
1128600
1128631
1128651
1128653
1128660
1128677
1128688
1128693
1128694
1128702
1128707
1128738
1128755
1128766
1128796
1128804
1128808
1128810
1128846
1128857
1128905
1128906
1128946
1128948
1128967
1128968
1128990
1128992
1129000
1129006
1129043
1129044
1129045
1129046
1129047
1129048
1129049
1129050
1129054
1129089
1129108
1129119
1129138
1129139
1129142
1129153
1129186
1129189
1129204
1129206
1129211
1129232
1129234
1129254
1129262
1129269
1129301
1129318
1129344
1129345
1129352
1129369
1129414
1129416
1129440
1129441
1129443
1129480
1129568
1129575
1129577
1129578
1129614
1129640
1129683
1129700
1129701
1129705
1129760
1129761
1129791
1129792
1129837
1129872
1129882
1129892
1129927
1129940
1129964
1129965
1129966
1130010
1130055
1130076
1130077
1130088
1130118
1130136
1130145
1130154
1130160
1130161
1130171
1130173
1130187
1130188
1130199
1130202
1130206
1130209
1130226
1130232
1130263
1130283
1130343
1130404
1130848
1130878
1130887
1130888
1130915
1130936
1130937
1130938
1130939
1130944
1130974
1130992
1131002
1131004
1131007
1131008
1131009
1131010
1131011
1131013
1131014
1131015
1131016
1131017
1131018
1131019
1131020
1131021
1131022
1131023
1131024
1131025
1131026
1131029
1131030
1131031
1131032
1131054
1131056
1131059
1131066
1131088
1131105
1131110
1131111
1131135
1131138
1131155
1131162
1131163
1131171
1131184
1131201
1131202
1131230
1131232
1131254
1131261
1131263
1131303
1131304
1131313
1131338
1131345
1131364
1131415
1131438
1131443
1131446
1131464
1131496
1131503
1131504
1131520
1131532
1131552
1131559
1131562
1131568
1131577
1131598
1131599
1131604
1131611
1131613
1131627
1131628
1131633
1131638
1131657
1131681
1131683
1131688
1131706
1131711
1131715
1131719
1131751
1131762
1131768
1131769
1131778
1131788
1131799
1131821
1131835
1131836
1131852
1131862
1131871
1131879
1131902
1131904
1131922
1131923
1131936
1131949
1131958
1132011
1132029
1132044
1132060
1132074
1132076
1132081
1132084
1132086
1132087
1132093
1132101
1132103
1132110
1132111
1132123
1132139
1132140
1132148
1132157
1132179
1132205
1132206
1132209
1132213
1132222
1132258
1132455
1132456
1132466
1132645
1132652
1132654
1132668
1132674
1132683
1132684
1132686
1132700
1132707
1132712
1132713
1132714
1132731
1132760
1132763
1132793
1132796
1132798
1132853
1132873
1132874
1132902
1132921
1132923
1133051
1133052
1133127
1133128
1133129
1133130
1133131
1133132
1133133
1133134
1133135
1133136
1133137
1133138
1133139
1133140
1133141
1133142
1133143
1133144
1133145
1133146
1133147
1133148
1133149
1133150
1133151
1133445
1133827
1133851
1133862
1133863
1133864
1133865
1133866
1133868
1133869
1133870
1133871
1133872
1133876
1133878
1133883
1133904
1133908
1133927
1133938
1133953
1133969
1133970
1133976
1133981
1134010
1134012
1134020
1134021
1134025
1134028
1134034
1134038
1134041
1134042
1134044
1134047
1134050
1134051
1134063
1134067
1134068
1134074
1134078
1134096
1134105
1134111
1134156
1134170
1134189
1134224
1134229
1134232
1134235
1134403
1134406
1134414
1134431
1134437
1134438
1134442
1134472
1134476
1134488
1134491
1134520
1134546
1134555
1134556
1134566
1134580
1134586
1134594
1134595
1134645
1134653
1134654
1134660
1134662
1134671
1134695
1134715
1134752
1134755
1134762
1134932
1134949
1134989
1134995
1135006
1135020
1135038
1135053
1135063
1135067
1135073
1135076
1135079
1135095
1135117
1135128
1135133
1135140
1135141
1135160
1135163
1135206
1135207
1135266
1135267
1135606
1135622
1135652
1135664
1135665
1135666
1135667
1135682
1135691
1135702
1135703
1135704
1135705
1135706
1135707
1135708
1135709
1135711
1135727
1135736
1135741
1135756
1135757
1135760
1135763
1135765
1135780
1135800
1135802
1135803
1135804
1135805
1135813
1135827
1135847
1135848
1135866
1135868
1135874
1135887
1135902
1135914
1135915
1135929
1135948
1135952
1135953
1135955
1135986
1135988
1136002
1136012
1136021
1136049
1136053
1136060
1136100
1136103
1136104
1136108
1136130
1136148
1136159
1136161
1136162
1136216
1136218
1136220
1136227
1136236
1136262
1136263
1136264
1136282
1136283
1136293
1136306
1136307
1136326
1136328
1136351
1136355
1136360
1136370
1136387
1136389
1136410
1136411
1136442
1136485
1136490
1136522
1136525
1136540
1136542
1136543
1136544
1136546
1136547
1136548
1136549
1136550
1136551
1136552
1136553
1136556
1136609
1136621
1136682
1136688
1136694
1136695
1136728
1136756
1136773
1136821
1136822
1136847
1136851
1136858
1136862
1136866
1136872
1136879
1136920
1136921
1136922
1136923
1136978
1136982
1136983
1136986
1136997
1136998
1136999
1137000
1137006
1137024
1137045
1137047
1137055
1137104
1137126
1137151
1137152
1137154
1137170
1137186
1137213
1137221
1137223
1137228
1137257
1137258
1137272
1137290
1137312
1137336
1137357
1137366
1137452
1137768
1137779
1137785
1137786
1137824
1137877
1137883
1137885
1137892
1137922
1137935
1137937
1138003
1138014
1138019
1138038
1138044
1138056
1138063
1138094
1138114
1138121
1138154
1138188
1138194
1138262
1138294
1138305
1138309
1138310
1138311
1138339
1138342
1138350
1138356
1138358
1138359
1138383
1138429
1138433
1138435
1138436
1138443
1138447
1138460
1138462
1138463
1138464
1138472
1138480
1138500
1138503
1138507
1138509
1138510
1138512
1138516
1138519
1138523
1138536
1138539
1138562
1138578
1138582
1138589
1138606
1138610
1138618
1138620
1138626
1138627
1138629
1138634
1138647
1138654
1138656
1138657
1138665
1138667
1138670
1138685
1138688
1138690
1138697
1138698
1138710
1138737
1138757
1138776
1138793
1138803
1138811
1138814
1138817
1138832
1138834
1138843
1138856
1138859
1138895
1138920
1138924
1138932
1138933
1138935
1138958
1138959
1138960
1138961
1138967
1138968
1138969
1138970
1138973
1139027
1139031
1139045
1139046
1139047
1139070
1139096
1139103
1139115
1139123
1139125
1139126
1139131
1139143
1139179
1139222
1139252
1139258
1139302
1139309
1139310
1139323
1139328
1139382
1139408
1139457
1139460
1139462
1139469
1139478
1139479
1139484
1139499
1139504
1139509
1139510
1139525
1139526
1139528
1139544
1139546
1139550
1139551
1139570
1139571
1139572
1139573
1139574
1139575
1139576
1139577
1139578
1139579
1139580
1139581
1139582
1139583
1139584
1139585
1139586
1139587
1139588
1139589
1139590
1139591
1139592
1139595
1139596
1139597
1139598
1139599
1139600
1139603
1139634
1139646
1139656
1139663
1139670
1139677
1139689
1139703
1139704
1139727
1139736
1139752
1139761
1139762
1139765
1139788
1139796
1139797
1139798
1139799
1139800
1139801
1139802
1139805
1139821
1139848
1139893
1139910
1139918
1139925
1139969
1139974
1139978
1139979
1139980
1139991
1139997
1140003
1140006
1140008
1140028
1140029
1140044
1140052
1140055
1140059
1140071
1140091
1140095
1140102
1140103
1140120
1140132
1140148
1140157
1140159
1140160
1140162
1140171
1140176
1140177
1140182
1140212
1140214
1140217
1140225
1140237
1140253
1140260
1140274
1140288
1140289
1140303
1140330
1140333
1140334
1140338
1140343
1140351
1140352
1140372
1140373
1140376
1140386
1140413
1140435
1140444
1140507
1140513
1140518
1140522
1140527
1140530
1140535
1140537
1140548
1140549
1140615
1140616
1140620
1140624
1140629
1140640
1140665
1140674
1140706
1140710
1140714
1140718
1140719
1140720
1140721
1140722
1140723
1140724
1140727
1140729
1140736
1140738
1140743
1140752
1140768
1140771
1140788
1140790
1140792
1140793
1140842
1140897
1140900
1140901
1140947
1140954
1140961
1140981
1140990
1140996
1140998
1141000
1141004
1141005
1141012
1141036
1141037
1141044
1141048
1141051
1141052
1141073
1141098
1141105
1141117
1141141
1141155
1141180
1141182
1141190
1141196
1141198
1141214
1141227
1141232
1141233
1141235
1141257
1141301
1141549
1141563
1144630
1144631
1144664
1144685
1144722
1144748
1144757
1144766
1144821
1144823
1144848
1144884
1144939
1144952
1144966
1144973
1144982
1145002
1145035
1145075
1145084
1145099
1145122
1145127
1145129
1145132
1145139
1145161
1145196
1145198
1145202
1145277
1145326
1145333
1145338
1145367
1145407
1145439
1145440
1145441
1145442
1145443
1145444
1145445
1145464
1145501
1145503
1145523
1145536
1145537
1145559
1145602
1145603
1145616
1145631
1145637
1145693
1145734
1145735
1145792
1145826
1145853
1145859
1145861
1145944
1145958
1145984
1146083
1146228
1146237
1146285
1146287
1146300
1146351
1146379
1146392
1146393
1146403
1146412
1146430
1146431
1146463
1146476
1146497
1146501
1146515
1146516
1146518
1146535
1146538
1146555
1146567
1146588
1146620
1146641
1146645
1146646
1146674
1146687
1146692
1146712
1146718
1146722
1146742
1146743
1146753
1146809
1146893
1146909
1147002
1147037
1147056
1147057
1147089
1147099
1147109
1147131
1147163
1147164
1147184
1147185
1147198
1147225
1147284
1147295
1147296
1147297
1147299
1147300
1147308
1147309
1147310
1147312
1147313
1147324
1147331
1147336
1147346
1147358
1147366
1147371
1147374
1147416
1147447
1147456
1147463
1147464
1147483
1147504
1147510
1147514
1147515
1147550
1147578
1147579
1147597
1147606
1147607
1147639
1147640
1147641
1147642
1147643
1147644
1147645
1147646
1147647
1147648
1147649
1147653
1147697
1147700
1147701
1147702
1147707
1147712
1147715
1147739
1147750
1147755
1147761
1147767
1147769
1147773
1147774
1147824
1147838
1147840
1147850
1147853
1147862
1147875
1147880
1147885
1147896
1147910
1147916
1147925
1147926
1147934
1147955
1147982
1147990
1148058
1148060
1148063
1148075
1148076
1148091
1148146
1148156
1148170
1148181
1148198
1148199
1148200
1148201
1148202
1148216
1148307
1148309
1148421
1148457
1148469
1148470
1148478
1148491
1148497
1148498
1148542
1148543
1148544
1148562
1148583
1148607
1148617
1148623
1148627
1148628
1148629
1148647
1148675
1148677
1148686
1148704
1148712
1148720
1148727
1148731
1148732
1148733
1148734
1148757
1148769
1148773
1148779
1148851
1148863
1148875
1148878
1149019
1149022
1149035
1149046
1149077
1149095
1149096
1149105
1149107
1149111
1149112
1149116
1149127
1149215
1149236
1149239
1149249
1149250
1149331
1149339
1149345
1149389
1149395
1149396
1149401
1149408
1149411
1149416
1149418
1149451
1149455
1149456
1149457
1149469
1149472
1149473
1149521
1149539
1149545
1149551
1149563
1149582
1149616
1149655
1149664
1149680
1149689
1149696
1149709
1149746
1149753
1149760
1149764
1149769
1149770
1149783
1149785
1149798
1149803
1149806
1149816
1149818
1149824
1149826
1149831
1149833
1149834
1149841
1149843
1149859
1149891
1149925
1149937
1149979
1149997
1150000
1150008
1150011
1150020
1150023
1150026
1150028
1150029
1150031
1150032
1150042
1150045
1150054
1150057
1150059
1150075
1150078
1150082
1150090
1150107
1150112
1150132
1150133
1150135
1150137
1150175
1150247
1150249
1150396
1150442
1150639
1150716
1150733
1150744
1150750
1150752
1150757
1150760
1150766
1150770
1150775
1150777
1150780
1150796
1150803
1150804
1150805
1150815
1150824
1150837
1150847
1150867
1150882
1150916
1150926
1150973
1150986
1151002
1151020
1151021
1151025
1151030
1151072
1151122
1151124
1151125
1151192
1151232
1151235
1151236
1151238
1151239
1151240
1151241
1151242
1151243
1151244
1151245
1152154
1152175
1152460
1152463
1152464
1152469
1152506
1152512
1152521
1152551
1152556
1152565
1152583
1152584
1152634
1152643
1152720
1153178
1153886
1153928
1153970
1153976
1154060
1154071
1154072
1154076
1154083
1154097
1154098
1154099
1154115
1154123
1154126
1154147
1154158
1154159
1154187
1154194
1154195
1154208
1154215
1154231
1154234
1154249
1154256
1155188
1155223
1155760
1155786
1155788
1155789
1155806
1155823
1155831
1155846
1155848
1155849
1155875
1155889
1155892
1155893
1155902
1155906
1155936
1156009
1156044
1156084
1156097
1156133
1156170
1156177
1156181
1156186
1156226
1156245
1156282
1156315
1156338
1156372
1156454
1156460
1156510
1157113
1157158
1157257
1157330
1157406
1157442
1157451
1157503
1157553
1157554
1157556
1157619
1157624
1157636
1157645
1157654
1157662
1157682
1157691
1157701
1157705
1157706
1157707
1157711
1157713
1157714
1157716
1157728
1157736
1158161
1158169
1158485
1158528
1160171
1160346
1160424
1164251
1164663
1164729
1164774
1164789
1164800
1164802
1164806
1164810
1164821
1164823
1164844
1164847
1164851
1164882
1164885
1164898
1164943
1164945
1164966
1164969
1164973
1164992
1164994
1165033
1165034
1165053
1165085
1165098
1165117
1165142
1165153
1165280
1165313
1165314
1165316
1165317
1170538
1170594
1170596
1170763
1170801
1170802
1170803
1170804
1170805
1170820
1170915
1170992
1171027
1171135
1171228
1171233
1171235
1171618
1171917
1172259
1172336
1172346
1172353
1173758
1173765
1173878
1173879
1174207
1174216
1174233
1174249
1174272
1174338
1174492
1174522
1174534
1174806
1174818
1174820
1174822
1174837
1174983
1175100
1175669
1175729
1175731
1175750
1175766
1175826
1175916
1176174
1176177
1176198
1176230
1176871
1177047
1177135
1177235
1177382
1177383
1177402
1177520
1177566
1177659
1177705
1177725
1177752
1177815
1177838
1178247
1178366
1178422
1178443
1178484
1178500
1178593
1178636
1178715
1178752
1178753
1179171
1179239
1179241
1179406
1179416
1179509
1179621
1179704
1179747
1179749
1179750
1179834
1180001
1180021
1180022
1180093
1180114
1180232
1180257
1180263
1180311
1180391
1180427
1180463
1180515
1180487
