1004690
1004753
1004865
1004893
1005138
1005145
1005152
1005159
1005166
1005649
1005656
1005719
1005754
1005838
1005859
1005999
1006153
1006216
1006223
1006741
1006839
1006958
1007007
1026334
1027846
1032039
1038073
1040271
1040278
1040670
1040754
1040775
1040950
1041041
1041048
1041055
1041062
1041069
1041076
1041083
1041090
1041104
1041111
1041125
1041132
1041139
1041146
1041160
1041167
1041181
1041188
1041209
1041216
1041230
1041237
1043155
1043701
1043715
1043722
1043729
1043736
1043743
1043757
1043764
1043785
1043792
1043799
1043806
1043813
1043841
1043855
1043862
1043876
1043911
1043953
1043960
1043967
1053599
1053641
1053718
1054453
1066472
1066486
1066528
1066535
1066591
1066598
1069314
1069328
1069335
1071967
1073108
1083398
1084616
1084630
1084637
1084644
1084770
1084812
1086639
1090335
1090391
1090566
1090573
1090587
1090594
1090601
1090608
1090615
1090622
1090629
1090636
1090643
1090650
1090657
1090664
1090671
1090685
1090692
1090699
1090706
1090713
1090720
1090727
1090734
1090741
1090748
1090755
1090762
1090769
1090776
1090783
1090790
1091644
1092043
1092155
1092225
1092246
1092253
1092316
1092344
1092393
1092400
1092470
1092477
1092484
1092701
1092715
1092722
1092736
1093520
1093527
1093534
1093625
1093632
1093639
1093689
1093690
1093691
1093692
1093693
1093699
1093700
1093701
1093703
1093704
1093705
1093706
1093707
1093708
1093712
1093715
1093724
1093727
1093787
1093851
1093852
1093853
1094045
1094046
1094048
1094049
1094050
1094051
1094052
1094053
1094054
1094055
1094056
1094057
1094059
1094060
1094061
1094062
1094063
1094064
1094067
1094068
1094069
1094070
1094071
1094072
1094073
1094074
1094075
1094076
1094077
1094079
1094080
1094081
1094082
1094083
1094085
1094086
1094088
1094090
1094091
1094092
1094095
1094096
1094098
1094099
1094100
1094102
1094104
1094105
1094106
1094109
1094112
1094114
1094115
1094117
1094118
1094119
1094120
1094122
1094123
1094124
1094125
1094126
1094127
1094128
1094129
1094130
1094131
1094132
1094135
1094137
1094138
1094139
1094140
1094141
1094142
1094145
1094146
1094147
1094149
1094150
1094151
1094153
1094154
1094155
1094156
1094157
1094158
1094159
1094160
1094161
1094162
1094163
1094165
1094166
1094167
1094168
1094169
1094170
1094171
1094172
1094173
1094174
1094175
1094176
1094177
1094178
1094179
1094180
1094181
1094182
1094183
1094184
1094185
1094186
1094187
1094188
1094189
1094464
1094465
1094468
1094471
1094472
1094473
1094482
1094483
1094515
1094516
1094780
1094783
1094791
1094792
1094811
1094858
1094905
1094906
1094908
1094910
1094984
1095079
1095098
1095101
1095119
1095265
1095457
1095458
1095459
1095460
1095461
1095462
1095464
1095465
1095466
1095467
1095468
1095597
1096744
1096859
1096921
1096925
1096934
1096938
1096954
1096975
1096986
1097444
1097508
1097513
1097514
1097524
1097525
1097526
1097531
1097647
1097729
1097730
1097734
1097799
1097831
1097928
1097982
1098002
1098025
1098117
1098123
1098134
1098157
1098241
1098258
1098300
1098305
1098311
1098402
1098403
1098404
1098405
1098406
1098411
1098412
1098414
1098415
1098432
1098433
1098434
1098436
1098437
1098438
1098440
1098441
1098442
1098443
1098444
1098445
1098454
1098455
1098456
1098458
1098459
1098460
1098461
1098476
1098482
1098502
1098504
1098505
1098506
1098509
1098510
1098511
1098574
1098771
1098778
1098779
1098799
1098801
1098830
1098831
1098832
1098834
1098835
1098863
1098864
1098866
1098968
1098978
1098991
1098992
1098994
1098995
1098996
1098997
1098998
1098999
1099026
1099027
1099033
1099118
1099121
1099126
1099127
1099134
1099135
1099137
1099140
1099142
1099147
1099151
1099152
1099157
1099164
1099165
1099166
1099168
1099170
1099171
1099172
1099173
1099174
1099175
1099178
1099179
1099180
1099184
1099187
1099189
1099190
1099191
1099196
1099202
1099250
1099251
1099252
1099253
1099254
1099255
1099256
1099257
1099258
1099259
1099260
1099261
1099262
1099263
1099264
1099265
1099266
1099282
1099284
1099285
1099286
1099287
1099288
1099289
1099290
1099291
1099292
1099304
1099305
1099306
1099307
1099308
1099309
1099310
1099311
1099312
1099313
1099314
1099315
1099318
1099320
1099322
1099325
1099326
1099327
1099331
1099335
1099336
1099338
1099339
1099342
1099343
1099344
1099346
1099347
1099350
1099354
1099355
1099357
1099361
1099362
1099363
1099366
1099371
1099372
1099373
1099374
1099375
1099376
1099380
1099393
1099398
1099547
1099552
1099556
1099558
1099561
1099562
1099563
1099570
1099571
1099574
1099577
1099579
1099581
1099582
1099583
1099598
1099599
1099625
1099650
1099651
1099652
1099653
1099654
1099655
1099656
1099658
1100172
1100173
1100174
1100176
1100177
1100178
1100225
1100271
1100272
1100273
1100274
1100275
1100276
1100277
1100279
1100280
1100320
1100321
1100324
1101897
1103357
1103441
1104342
1108098
1109309
1110834
1112063
1112474
1112475
1112541
1113393
1113941
1114206
1114409
1115467
1116378
1116379
1116381
1116383
1116428
1116429
1116435
1116442
1116444
1116483
1116484
1116485
1116487
1116488
1116489
1116490
1117655
1117672
1117673
1117676
1117677
1117678
1117683
1117686
1117687
1117688
1117689
1117690
1117691
1117692
1117693
1117694
1117695
1117696
1117697
1117701
1117738
1117740
1117745
1117756
1117783
1117785
1117803
1117811
1117872
1117939
1117942
1117943
1117946
1117950
1117951
1117959
1117960
1118234
1118240
1118243
1118252
1118254
1118257
1118264
1118274
1118278
1118286
1118293
1118299
1118316
1118330
1118372
1118374
1118375
1118389
1118411
1118418
1118419
1118485
1118500
1118512
1118523
1118524
1118535
1118543
1118551
1118552
1118565
1118566
1118567
1118570
1118571
1118572
1118573
1118574
1118589
1118593
1118603
1118621
1118636
1118707
1118715
1118716
1118717
1118719
1118720
1118721
1118723
1118724
1118728
1118732
1118743
1118744
1118762
1118833
1118844
1118925
1118931
1118943
1118968
1118983
1118996
1118997
1118999
1119142
1119156
1119162
1119177
1119182
1119183
1119191
1119192
1119204
1119208
1119212
1119215
1119218
1119220
1119230
1119243
1119258
1119277
1119279
1119280
1119284
1119288
1119293
1119294
1119296
1119299
1119300
1119311
1119347
1119378
1119396
1119397
1119398
1119399
1119404
1119406
1119408
1119409
1119432
1119448
1119449
1119450
1119457
1119466
1119467
1119468
1119469
1119470
1119472
1119473
1119474
1119475
1119476
1119477
1119478
1119480
1119481
1119482
1119485
1119486
1119487
1119488
1119489
1119491
1119492
1119494
1119495
1119496
1119497
1119498
1119500
1119501
1119502
1119503
1119504
1119505
1119506
1119509
1119510
1119511
1119512
1119513
1119514
1119515
1119516
1119517
1119518
1119519
1119520
1119521
1119522
1119523
1119524
1119525
1119527
1119528
1119529
1119530
1119531
1119532
1119533
1119534
1119535
1119536
1119537
1119538
1119539
1119540
1119541
1119542
1119543
1119544
1119545
1119546
1119547
1119549
1119550
1119551
1119552
1119553
1119554
1119555
1119556
1119557
1119558
1119559
1119560
1119562
1119563
1119564
1119572
1119574
1119575
1119576
1119577
1119578
1119579
1119583
1119584
1119585
1119586
1119587
1119588
1119589
1119590
1119591
1119592
1119593
1119594
1119595
1119596
1119597
1119620
1119621
1119622
1119623
1119625
1119626
1119627
1119628
1119629
1119630
1119634
1119635
1119636
1119637
1119638
1119639
1119640
1119641
1119642
1119643
1119644
1119645
1119646
1119647
1119648
1119649
1119650
1119651
1119652
1119653
1119655
1119656
1119657
1119658
1119659
1119660
1119662
1119663
1119664
1119665
1119666
1119667
1119668
1119670
1119671
1119672
1119673
1119674
1119675
1119676
1119677
1119678
1119679
1119680
1119681
1119682
1119683
1119684
1119685
1119690
1119692
1119695
1119696
1119697
1119698
1119699
1119700
1119701
1119702
1119703
1119706
1119707
1119708
1119711
1119712
1119713
1119714
1119716
1119717
1119719
1119720
1119721
1119722
1119723
1119724
1119725
1119726
1119727
1119728
1119729
1119730
1119734
1119737
1119741
1119742
1119743
1119746
1119749
1119750
1119751
1119752
1119753
1119754
1119757
1119758
1119759
1119760
1119762
1119769
1119773
1119777
1119779
1119780
1119782
1119783
1119784
1119785
1119786
1119787
1119789
1119790
1119791
1119792
1119793
1119794
1119795
1119797
1119798
1119799
1119800
1119801
1119804
1119805
1119806
1119807
1119808
1119809
1119810
1119811
1119812
1119813
1119814
1119815
1119816
1119817
1119818
1119819
1119820
1119821
1119822
1119824
1119825
1119826
1119827
1119828
1119829
1119830
1119831
1119832
1119833
1119834
1119836
1119837
1119838
1119839
1119840
1119841
1119842
1119843
1119844
1119845
1119846
1119847
1119848
1119849
1119850
1119851
1119852
1119853
1119854
1119855
1119856
1119857
1119859
1119860
1119861
1119863
1119864
1119878
1119879
1119880
1119886
1119887
1119888
1119889
1119890
1119892
1119894
1119896
1119897
1119898
1119900
1119901
1119902
1119903
1119906
1119908
1119909
1119910
1119911
1119912
1119913
1119914
1119915
1119917
1119918
1119919
1119920
1119923
1119924
1119925
1119934
1119935
1119936
1119937
1119938
1119939
1119940
1119941
1119942
1119943
1119944
1119945
1119946
1119947
1119948
1119949
1119950
1119951
1119952
1119953
1119954
1119955
1119956
1119957
1119958
1119959
1119960
1119961
1119963
1119964
1119967
1119968
1119969
1119970
1119971
1119974
1119976
1119977
1119980
1119981
1119982
1119983
1119984
1119985
1119986
1119987
1119988
1119989
1119991
1119992
1119993
1119994
1119995
1119996
1119997
1119998
1119999
1120000
1120001
1120002
1120003
1120175
1120351
1120527
1120607
1120686
1120781
1120805
1120809
1120813
1120907
1120951
1121047
1121057
1121058
1121060
1121061
1121064
1121067
1121119
1121121
1121440
1121442
1121455
1121761
1121775
1121776
1121778
1121786
1121799
1121805
1121809
1121831
1121833
1121885
1121889
1121890
1121891
1121894
1121896
1121897
1121899
1121902
1121903
1121942
1121946
1121961
1121962
1121968
1122135
1122146
1122173
1122178
1122189
1122196
1122197
1122201
1122210
1122215
1122257
1122258
1122259
1122281
1122314
1122347
1122353
1122362
1122366
1122428
1122453
1122456
1122477
1122505
1122513
1122519
1122522
1122524
1122527
1122528
1122539
1122555
1122556
1122559
1122561
1122568
1122581
1122583
1122584
1122585
1122587
1122588
1122593
1122615
1122625
1122626
1122628
1122631
1122702
1122705
1122706
1122712
1122713
1122719
1122720
1122721
1122724
1122728
1122733
1122735
1122762
1122763
1122774
1122799
1122828
1122829
1122925
1123001
1123002
1123003
1123004
1123005
1123006
1123007
1123008
1123009
1123010
1123011
1123012
1123013
1123014
1123015
1123016
1123017
1123018
1123019
1123020
1123021
1123022
1123023
1123024
1123025
1123026
1123027
1123028
1123029
1123030
1123031
1123032
1123033
1123034
1123035
1123036
1123037
1123038
1123039
1123040
1123041
1123042
1123043
1123044
1123045
1123046
1123047
1123048
1123049
1123050
1123051
1123052
1123053
1123054
1123055
1123056
1123057
1123058
1123059
1123060
1123061
1123062
1123063
1123064
1123065
1123066
1123067
1123068
1123069
1123070
1123071
1123072
1123073
1123074
1123075
1123076
1123077
1123078
1123079
1123080
1123081
1123082
1123083
1123084
1123085
1123086
1123087
1123088
1123149
1123150
1123155
1123207
1123208
1123209
1123210
1123212
1123213
1123216
1123224
1123229
1123230
1123232
1123233
1123235
1123245
1123246
1123247
1123249
1123262
1123273
1123322
1123325
1123329
1123331
1123332
1123343
1123346
1123348
1123537
1123543
1123546
1123559
1123560
1123563
1123565
1123566
1123577
1123579
1123580
1123581
1123582
1123583
1123584
1123585
1123622
1123678
1123680
1123698
1123703
1123709
1123715
1123721
1123728
1123736
1123750
1123770
1123781
1123799
1123807
1123811
1123826
1123850
1123855
1123865
1123867
1123880
1123885
1123892
1123895
1123896
1123898
1123899
1123959
1123993
1124003
1124013
1124019
1124022
1124031
1124053
1124071
1124075
1124081
1124097
1124116
1124118
1124120
1124121
1124130
1124146
1124166
1124172
1124181
1124182
1124186
1124192
1124197
1124203
1124220
1124249
1124251
1124283
1124329
1124353
1124354
1124365
1124375
1124393
1124404
1124423
1124426
1124437
1124457
1124469
1124472
1124487
1124503
1124506
1124521
1124522
1124530
1124538
1124545
1124546
1124550
1124559
1124562
1124564
1124565
1124568
1124582
1124595
1124606
1124613
1124630
1124635
1124636
1124641
1124643
1124645
1124646
1124651
1124667
1124675
1124681
1124727
1124733
1124741
1124746
1124752
1124775
1124777
1124789
1124791
1124792
1124812
1124819
1124822
1124827
1124837
1124838
1124839
1124844
1124846
1124858
1124866
1124884
1124906
1124921
1124922
1124930
1124932
1124948
1124955
1124957
1125015
1125024
1125028
1125045
1125054
1125072
1125075
1125076
1125077
1125090
1125091
1125104
1125129
1125169
1125184
1125216
1125245
1125253
1125279
1125280
1125289
1125294
1125300
1125323
1125324
1125335
1125347
1125348
1125371
1125392
1125394
1125412
1125420
1125421
1125422
1125424
1125425
1125444
1125445
1125450
1125458
1125470
1125476
1125477
1125479
1125481
1125482
1125484
1125486
1125490
1125498
1125507
1125514
1125515
1125517
1125523
1125524
1125546
1125557
1125562
1125573
1125588
1125590
1125592
1125599
1125606
1125621
1125624
1125625
1125643
1125651
1125663
1125674
1125681
1125683
1125686
1125691
1125698
1125702
1125707
1125710
1125711
1125735
1125750
1125760
1125783
1125784
1125789
1125798
1125815
1125822
1125849
1125854
1125856
1125865
1125871
1125883
1125890
1125895
1125945
1125949
1125950
1125975
1125976
1125977
1126000
1126009
1126025
1126032
1126037
1126039
1126041
1126054
1126059
1126062
1126066
1126070
1126155
1126174
1126183
1126197
1126215
1126220
1126239
1126258
1126262
1126275
1126287
1126307
1126322
1126327
1126345
1126363
1126376
1126387
1126402
1126416
1126417
1126418
1126459
1126487
1126488
1126500
1126501
1126506
1126519
1126537
1126569
1126585
1126627
1126643
1126662
1126664
1126668
1126673
1126677
1126683
1126694
1126761
1126762
1126763
1126764
1126765
1126766
1126767
1126768
1126816
1126817
1126818
1126820
1126823
1126825
1126836
1126880
1126887
1126892
1126910
1126923
1126964
1126965
1126969
1126983
1127005
1127006
1127014
1127016
1127032
1127034
1127039
1127054
1127074
1127075
1127085
1127092
1127118
1127158
1127188
1127193
1127198
1127199
1127203
1127204
1127208
1127213
1127214
1127216
1127221
1127222
1127253
1127254
1127266
1127267
1127268
1127334
1127340
1127361
1127390
1127394
1127405
1127422
1127425
1127428
1127477
1127494
1127500
1127519
1127525
1127527
1127529
1127567
1127588
1127608
1127613
1127626
1127655
1127677
1127722
1127724
1127725
1127751
1127755
1127784
1127792
1127796
1127806
1127811
1127812
1127850
1127851
1127852
1127873
1127928
1128016
1128034
1128069
1128070
1128077
1128080
1128091
1128096
1128099
1128102
1128107
1128124
1128129
1128134
1128135
1128136
1128155
1128163
1128167
1128168
1128328
1128329
1128373
1128390
1128393
1128399
1128423
1128452
1128464
1128472
1128487
1128497
1128536
1128540
1128541
1128547
1128548
1128567
1128571
1128579
1128580
1128582
1128620
1128643
1128647
1128657
1128659
1128662
1128667
1128687
1128709
1128729
1128731
1128740
1128757
1128759
1128762
1128769
1128771
1128777
1128807
1128813
1128819
1128850
1128853
1128870
1128876
1128893
1128894
1128904
1128923
1128942
1128963
1128993
1128995
1128998
1129004
1129012
1129065
1129075
1129076
1129086
1129091
1129093
1129115
1129148
1129158
1129163
1129190
1129197
1129220
1129226
1129253
1129260
1129271
1129310
1129312
1129319
1129323
1129327
1129371
1129387
1129396
1129436
1129442
1129453
1129454
1129464
1129466
1129467
1129469
1129474
1129493
1129511
1129572
1129573
1129574
1129585
1129611
1129631
1129659
1129696
1129702
1129711
1129715
1129720
1129724
1129729
1129745
1129750
1129756
1129776
1129793
1129795
1129801
1129802
1129803
1129807
1129808
1129825
1129866
1129881
1129893
1129896
1129922
1129928
1129934
1129941
1129946
1129955
1129967
1129974
1130017
1130036
1130052
1130063
1130074
1130081
1130084
1130099
1130102
1130104
1130105
1130112
1130116
1130117
1130125
1130126
1130128
1130137
1130141
1130181
1130193
1130211
1130212
1130214
1130215
1130223
1130227
1130228
1130231
1130394
1130395
1130403
1130442
1130513
1130515
1130516
1130531
1130532
1130533
1130705
1130707
1130710
1130714
1130865
1130875
1130881
1130882
1130892
1130900
1130904
1130916
1130932
1130947
1130950
1130952
1130953
1130976
1130981
1130993
1130996
1131044
1131052
1131079
1131100
1131106
1131122
1131169
1131176
1131177
1131179
1131180
1131187
1131188
1131193
1131199
1131225
1131239
1131243
1131246
1131251
1131255
1131265
1131274
1131286
1131298
1131299
1131305
1131306
1131333
1131334
1131341
1131343
1131367
1131373
1131382
1131433
1131442
1131454
1131488
1131501
1131506
1131512
1131524
1131543
1131550
1131564
1131582
1131587
1131590
1131591
1131631
1131652
1131653
1131654
1131655
1131671
1131691
1131694
1131695
1131705
1131707
1131712
1131727
1131728
1131740
1131746
1131747
1131748
1131756
1131761
1131796
1131804
1131817
1131842
1131850
1131851
1131861
1131864
1131866
1131870
1131875
1131876
1131881
1131888
1131889
1131890
1131896
1131897
1131898
1131905
1131908
1131920
1131927
1131928
1131932
1131946
1131960
1131963
1131966
1131967
1131968
1131969
1131970
1131971
1131972
1131973
1131986
1132034
1132049
1132051
1132059
1132098
1132099
1132115
1132133
1132155
1132156
1132164
1132165
1132170
1132171
1132173
1132178
1132189
1132212
1132224
1132263
1132265
1132543
1132557
1132646
1132653
1132655
1132662
1132685
1132691
1132697
1132709
1132711
1132723
1132741
1132748
1132751
1132762
1132767
1132769
1132772
1132783
1132794
1132818
1132821
1132834
1132848
1132852
1132858
1132876
1132882
1132901
1132931
1132982
1133062
1133088
1133122
1133123
1133124
1133125
1133152
1133177
1133178
1133179
1133200
1133201
1133203
1133204
1133205
1133209
1133217
1133218
1133306
1133446
1133452
1133466
1133476
1133477
1133478
1133649
1133762
1133833
1133835
1133838
1133852
1133855
1133860
1133867
1133890
1133898
1133911
1133913
1133932
1133940
1133946
1133950
1133951
1133957
1133961
1133994
1134004
1134013
1134016
1134017
1134031
1134037
1134039
1134043
1134048
1134052
1134054
1134059
1134071
1134083
1134093
1134097
1134112
1134120
1134121
1134175
1134176
1134177
1134178
1134179
1134180
1134181
1134185
1134187
1134188
1134190
1134196
1134197
1134198
1134199
1134200
1134211
1134212
1134213
1134214
1134216
1134219
1134220
1134221
1134222
1134223
1134225
1134226
1134227
1134228
1134230
1134231
1134233
1134234
1134236
1134254
1134255
1134256
1134257
1134258
1134259
1134260
1134261
1134302
1134398
1134429
1134430
1134469
1134470
1134475
1134478
1134485
1134487
1134490
1134502
1134531
1134601
1134627
1134632
1134648
1134650
1134652
1134655
1134657
1134664
1134705
1134745
1134756
1134757
1134786
1134803
1134926
1134961
1134987
1134997
1135022
1135029
1135039
1135077
1135120
1135126
1135147
1135149
1135154
1135162
1135203
1135205
1135208
1135217
1135270
1135603
1135604
1135605
1135614
1135615
1135713
1135731
1135738
1135770
1135810
1135897
1135922
1135945
1135949
1135969
1135970
1136003
1136008
1136046
1136054
1136059
1136063
1136068
1136069
1136074
1136093
1136107
1136141
1136184
1136185
1136208
1136209
1136228
1136230
1136253
1136261
1136287
1136300
1136301
1136302
1136350
1136353
1136388
1136390
1136409
1136412
1136431
1136433
1136450
1136454
1136477
1136499
1136501
1136505
1136510
1136512
1136519
1136545
1136566
1136567
1136594
1136596
1136620
1136679
1136730
1136760
1136779
1136789
1136791
1136803
1136816
1136820
1136830
1136832
1136838
1136845
1136899
1136911
1136916
1136942
1136947
1136950
1136974
1136977
1136987
1137050
1137051
1137141
1137144
1137149
1137174
1137210
1137211
1137218
1137219
1137220
1137266
1137285
1137301
1137348
1137379
1137380
1137445
1137446
1137472
1137502
1137585
1137599
1137679
1137694
1137753
1137769
1137771
1137777
1137778
1137780
1137781
1137787
1137792
1137805
1137817
1137845
1137849
1137871
1137873
1137880
1137881
1137910
1137932
1137934
1137936
1137950
1137951
1137952
1137959
1137960
1137975
1137978
1137985
1137986
1137990
1137991
1137998
1138001
1138009
1138010
1138017
1138018
1138020
1138021
1138022
1138041
1138066
1138068
1138091
1138096
1138127
1138179
1138234
1138250
1138255
1138274
1138297
1138303
1138315
1138334
1138348
1138349
1138362
1138366
1138369
1138377
1138380
1138381
1138382
1138386
1138390
1138392
1138455
1138481
1138499
1138502
1138511
1138513
1138517
1138518
1138520
1138535
1138540
1138547
1138548
1138550
1138552
1138553
1138554
1138555
1138556
1138559
1138567
1138568
1138574
1138575
1138576
1138579
1138580
1138583
1138584
1138585
1138593
1138601
1138602
1138609
1138612
1138631
1138639
1138648
1138655
1138662
1138666
1138668
1138684
1138691
1138740
1138745
1138747
1138755
1138765
1138767
1138769
1138777
1138812
1138822
1138830
1138854
1138883
1138888
1138896
1138898
1138901
1138908
1138925
1138930
1138949
1138964
1138972
1138978
1138981
1139003
1139044
1139063
1139088
1139089
1139130
1139132
1139134
1139138
1139147
1139154
1139163
1139171
1139174
1139186
1139195
1139203
1139214
1139228
1139232
1139234
1139242
1139245
1139260
1139265
1139273
1139276
1139286
1139298
1139316
1139339
1139346
1139362
1139373
1139402
1139411
1139412
1139419
1139421
1139439
1139440
1139441
1139500
1139534
1139549
1139607
1139626
1139642
1139644
1139672
1139746
1139748
1139780
1139803
1139832
1139852
1139875
1139883
1139898
1139901
1139921
1139970
1139975
1140032
1140067
1140134
1140136
1140158
1140199
1140239
1140240
1140267
1140275
1140310
1140314
1140329
1140354
1140387
1140394
1140401
1140426
1140440
1140448
1140453
1140509
1140512
1140515
1140558
1140583
1140603
1140608
1140638
1140671
1140691
1140693
1140711
1140712
1140715
1140717
1140734
1140739
1140755
1140757
1140758
1140764
1140776
1140778
1140782
1140785
1140786
1140791
1140796
1140805
1140846
1140848
1140879
1140881
1140891
1140892
1140939
1140955
1140995
1141025
1141074
1141076
1141088
1141099
1141110
1141171
1141185
1141188
1141193
1141194
1141202
1141221
1141251
1141262
1141270
1141275
1141550
1141551
1141553
1141625
1141626
1141628
1144619
1144629
1144632
1144635
1144644
1144699
1144705
1144730
1144752
1144760
1144814
1144868
1144885
1144896
1144901
1144990
1145006
1145062
1145063
1145065
1145068
1145069
1145091
1145101
1145113
1145158
1145168
1145185
1145232
1145234
1145240
1145241
1145255
1145397
1145415
1145524
1145638
1145738
1145774
1145805
1145811
1145935
1145960
1145979
1146057
1146085
1146106
1146123
1146139
1146172
1146190
1146191
1146314
1146353
1146365
1146386
1146387
1146411
1146427
1146428
1146441
1146503
1146536
1146545
1146546
1146560
1146573
1146579
1146644
1146673
1146691
1146744
1146812
1146874
1146875
1146911
1146916
1146917
1146936
1146946
1146987
1147021
1147028
1147114
1147117
1147154
1147179
1147188
1147202
1147217
1147249
1147250
1147259
1147270
1147275
1147287
1147292
1147327
1147329
1147332
1147365
1147372
1147389
1147403
1147405
1147413
1147423
1147426
1147429
1147440
1147444
1147445
1147486
1147495
1147496
1147511
1147512
1147536
1147562
1147601
1147605
1147625
1147629
1147630
1147637
1147652
1147656
1147664
1147667
1147668
1147671
1147682
1147683
1147686
1147691
1147695
1147726
1147733
1147740
1147742
1147799
1147800
1147804
1147820
1147823
1147830
1147832
1147855
1147861
1147865
1147866
1147867
1147868
1147878
1147882
1147884
1147887
1147891
1147893
1147899
1147900
1147902
1147906
1147915
1147919
1147938
1147943
1147945
1147951
1147959
1147962
1147965
1147966
1147968
1147981
1148069
1148078
1148083
1148101
1148139
1148152
1148159
1148166
1148168
1148186
1148190
1148196
1148205
1148206
1148236
1148308
1148345
1148346
1148467
1148471
1148479
1148505
1148515
1148529
1148564
1148573
1148584
1148591
1148634
1148644
1148676
1148679
1148703
1148718
1148754
1148758
1148778
1148786
1148802
1148813
1148837
1148844
1148889
1149015
1149027
1149029
1149033
1149038
1149042
1149060
1149062
1149063
1149066
1149067
1149068
1149071
1149073
1149074
1149079
1149082
1149083
1149088
1149099
1149100
1149113
1149122
1149123
1149125
1149126
1149130
1149148
1149172
1149235
1149292
1149325
1149352
1149391
1149406
1149422
1149423
1149425
1149482
1149489
1149549
1149554
1149570
1149571
1149592
1149632
1149647
1149648
1149654
1149660
1149744
1149755
1149768
1149795
1149808
1149815
1149821
1149890
1149929
1149931
1149978
1150002
1150010
1150014
1150019
1150025
1150030
1150034
1150055
1150076
1150089
1150120
1150127
1150134
1150138
1150148
1150183
1150184
1150403
1150443
1150474
1150488
1150512
1150524
1150526
1150535
1150545
1150568
1150569
1150590
1150619
1150649
1150709
1150721
1150722
1150755
1150756
1150759
1150779
1150809
1150820
1150871
1150877
1150902
1150931
1150948
1150965
1150966
1150967
1150972
1150975
1150985
1150997
1151018
1151019
1151042
1151048
1151055
1151062
1151067
1151112
1151115
1151123
1151134
1151194
1151230
1151712
1151713
1151741
1151742
1151759
1151767
1151769
1151787
1151792
1151795
1151798
1151804
1151805
1151814
1151824
1151842
1151851
1151854
1151857
1151861
1151880
1151882
1151888
1151891
1151892
1151897
1151899
1151903
1151907
1151914
1151923
1151925
1151931
1151932
1151944
1151956
1151958
1151962
1151973
1151990
1151995
1151996
1152011
1152015
1152017
1152021
1152051
1152058
1152066
1152078
1152082
1152085
1152092
1152094
1152132
1152156
1152157
1152162
1152163
1152178
1152179
1152180
1152435
1152436
1152437
1152438
1152439
1152440
1152443
1152450
1152453
1152524
1152582
1152585
1152701
1152726
1152784
1153176
1153188
1153821
1153869
1153882
1153883
1153885
1153887
1153888
1153898
1153899
1153905
1153906
1153907
1153908
1153909
1153910
1153911
1153913
1153934
1153935
1153936
1153937
1153938
1153939
1153940
1153941
1153942
1153945
1153975
1153986
1153987
1153988
1153990
1153991
1154013
1154035
1154057
1154061
1154062
1154075
1154093
1154107
1154108
1154109
1154134
1154153
1154155
1154192
1154199
1154214
1154217
1154219
1154220
1154222
1154245
1154251
1154252
1154257
1155168
1155264
1155276
1155690
1155702
1155779
1155803
1155814
1155816
1155836
1155843
1155853
1155855
1155857
1155872
1155873
1155886
1155888
1155894
1155898
1155930
1155933
1155949
1155978
1155988
1155991
1156006
1156032
1156053
1156083
1156109
1156142
1156208
1156216
1156243
1156273
1156292
1156308
1156322
1156393
1156479
1156517
1157115
1157263
1157271
1157273
1157275
1157319
1157329
1157340
1157343
1157344
1157354
1157364
1157390
1157404
1157413
1157450
1157487
1157547
1157548
1157555
1157560
1157562
1157564
1157596
1157609
1157644
1157692
1157704
1157708
1157712
1157723
1157724
1157735
1158070
1158127
1158206
1158303
1158500
1159441
1159817
1160172
1160173
1160232
1160341
1160375
1163868
1164121
1164159
1164166
1164225
1164363
1164430
1164532
1164656
1164657
1164790
1164791
1164793
1164814
1164838
1164842
1164846
1164854
1164870
1164879
1164887
1164904
1164944
1164955
1164956
1164959
1164964
1164972
1164974
1164978
1165013
1165041
1165055
1165056
1165078
1165090
1165095
1165096
1165111
1165128
1165161
1165173
1170534
1170542
1170595
1170643
1170723
1170850
1170851
1170862
1170863
1170883
1170912
1170934
1170993
1170999
1171000
1171010
1171054
1171078
1171158
1171218
1171238
1171415
1171603
1171746
1171751
1171774
1171822
1171827
1171837
1171856
1171876
1171899
1172234
1172236
1172247
1172248
1172250
1172251
1172268
1172294
1172307
1172316
1172326
1172348
1172349
1172352
1173243
1173270
1173420
1173500
1173502
1173696
1173770
1173922
1174206
1174235
1174303
1174339
1174459
1174535
1174572
1174671
1174691
1174697
1174766
1174807
1174809
1174838
1174860
1174994
1175005
1175074
1175077
1175101
1175718
1175804
1175914
1176209
1176239
1176269
1176441
1176456
1176462
1176565
1176566
1176567
1176889
1176894
1176944
1176965
1176977
1177015
1177041
1177044
1177057
1177066
1177125
1177241
1177255
1177257
1177258
1177277
1177305
1177426
1177493
1177521
1177522
1177569
1177658
1177697
1177698
1177739
1177802
1177803
1177812
1177830
1178260
1178276
1178288
1178362
1178377
1178391
1178417
1178507
1178523
1178531
1178545
1178578
1178601
1178605
1178705
1178706
1178709
1178710
1178711
1178713
1178717
1178725
1178750
1178878
1178894
1178895
1178900
1178906
1178912
1179122
1179125
1179140
1179141
1179145
1179230
1179263
1179282
1179300
1179352
1179355
1179357
1179450
1179556
1179557
1179558
1179609
1179624
1179631
1179689
1179710
1179715
1179733
1179748
1179771
1180002
1180004
1180024
1180107
1180108
1180109
1180110
1180165
1180176
1180198
1180266
1180299
1180407
1180425
1180437
1180444
1180446
1180469
1180500
1180514
1180571
1180737
1180744
1180829
1180843
1180953
1180962
1180979
1180982
1180990
1181123
1181214
1181215
1181224
1181233
1181234
1181242
1181244
1181251
1181254
1181259
1181277
1181279
1181300
1181301
1181322
1181330
1181332
1181338
1181406
1181526
1181542
1181557
1181601
1181615
1181620
1181655
