1000112
1000119
1000126
1000133
1000140
1000539
1000546
1000553
1000560
1000567
1000574
1000581
1000588
1000595
1000602
1000609
1000616
1000623
1000630
1000637
1000644
1000651
1000658
1000665
1000672
1000679
1000686
1000693
1000700
1000707
1000714
1000721
1000728
1000735
1000742
1000749
1000756
1000763
1000770
1000777
1000784
1000791
1000798
1000805
1000812
1000819
1000826
1000833
1000840
1000847
1000854
1000861
1000868
1000875
1000882
1000889
1000896
1000903
1000910
1000917
1000924
1000931
1000938
1000945
1000952
1000959
1000966
1000973
1000980
1000987
1000994
1001001
1001008
1001015
1001022
1001029
1001036
1001043
1001050
1001057
1001064
1001071
1001078
1001085
1001092
1001099
1001106
1001113
1001120
1001127
1001134
1001141
1001148
1001155
1001162
1001169
1001176
1001183
1001190
1001197
1001204
1001211
1001218
1001225
1001232
1001239
1001246
1001253
1001260
1001267
1001274
1001281
1001288
1001295
1001302
1001309
1001316
1001323
1001330
1001337
1001344
1001351
1001358
1001365
1001372
1001379
1001386
1001393
1001400
1001407
1001414
1001421
1001428
1001435
1001442
1001449
1001456
1001463
1001470
1001477
1001484
1001491
1001498
1001505
1001512
1001519
1001526
1001533
1001540
1001547
1001554
1001561
1001568
1001575
1001582
1001589
1001596
1001603
1001610
1001617
1001624
1001631
1001638
1001645
1001652
1001659
1001666
1001673
1001687
1001694
1001701
1001708
1001715
1001722
1001729
1001736
1001743
1001750
1001757
1001764
1001771
1001778
1001785
1001792
1001799
1001827
1001834
1001841
1001848
1001855
1001862
1001869
1001876
1001883
1001890
1001897
1001904
1001911
1001946
1001953
1001960
1001967
1001974
1001981
1001988
1001995
1002002
1002009
1002016
1002023
1002030
1002037
1002044
1002051
1002058
1002065
1002072
1002079
1002086
1002093
1002100
1002107
1002114
1002121
1002128
1002135
1002142
1002149
1002156
1002163
1002170
1002177
1002184
1002191
1002198
1002205
1002212
1002219
1002226
1002233
1002240
1002247
1002254
1002261
1002268
1002275
1002282
1002289
1002296
1002303
1002310
1002317
1002324
1002331
1002338
1002345
1002352
1002359
1002366
1002373
1002380
1002387
1002394
1002401
1002408
1002415
1002422
1002429
1002436
1002443
1002450
1002457
1002464
1002471
1002478
1002485
1002492
1002499
1002506
1002513
1002520
1002527
1002534
1002541
1002548
1002555
1002562
1002569
1002576
1002583
1002590
1002597
1002604
1002611
1002618
1003360
1003367
1003374
1003381
1003388
1003395
1003402
1003409
1003416
1003423
1003430
1003437
1003444
1003451
1003458
1003465
1003472
1003479
1003486
1003493
1003500
1003507
1003514
1003521
1003528
1003535
1003542
1003549
1003556
1003563
1003570
1003577
1003584
1003591
1003598
1003605
1003612
1003619
1003626
1003633
1003640
1003647
1003654
1003661
1003668
1003675
1003682
1003689
1003696
1003703
1003710
1003717
1003724
1003731
1003738
1003745
1003752
1003759
1003766
1003773
1003780
1003787
1004795
1004802
1004816
1004837
1004844
1004872
1005208
1005628
1005635
1005642
1005663
1005670
1005677
1005684
1005775
1006167
1006888
1025361
1025368
1025375
1025382
1025389
1025396
1025403
1025410
1025417
1025424
1025431
1025438
1025445
1025452
1025459
1025466
1025473
1025480
1025487
1025494
1025501
1025508
1025515
1025522
1025529
1025536
1025543
1025550
1025557
1025564
1025571
1025578
1025585
1025592
1025599
1025606
1025613
1025620
1025627
1025634
1025641
1025648
1025655
1025662
1025669
1025676
1025683
1025690
1025697
1025704
1025711
1025718
1025725
1025732
1025739
1025746
1025753
1025760
1025767
1025774
1025781
1025788
1025795
1025802
1025809
1025816
1025823
1025830
1025837
1025844
1025851
1025858
1025865
1025872
1025879
1025886
1025893
1025900
1025907
1025914
1025921
1025928
1025935
1025942
1025949
1025956
1025963
1025970
1025977
1025984
1025991
1025998
1026005
1026012
1026019
1026026
1026033
1026040
1026047
1026054
1026061
1026068
1026075
1026082
1026089
1026096
1026103
1026110
1026117
1026124
1026131
1026138
1026145
1026152
1026159
1026166
1026173
1026180
1026187
1026194
1026201
1026208
1026215
1026222
1026229
1026236
1026243
1026250
1026257
1026264
1026271
1026278
1026285
1026292
1026299
1026306
1026341
1036491
1037247
1037268
1037345
1037352
1037359
1037366
1037373
1037387
1037394
1037401
1037408
1037415
1037422
1037429
1037436
1037443
1037450
1037457
1038003
1038087
1053585
1053592
1053655
1053746
1056658
1066500
1066507
1066514
1066521
1071953
1071974
1076874
1076881
1084651
1084798
1084826
1084833
1084840
1084847
1086751
1086765
1090356
1091280
1091287
1091511
1092071
1092218
1093618
1094195
1094196
1094197
1094198
1094199
1094200
1094201
1094202
1094203
1094204
1094205
1094206
1094207
1094208
1094209
1094210
1094211
1094212
1094213
1094214
1094215
1094216
1094217
1094218
1094219
1094220
1094221
1094222
1094223
1094224
1094225
1094226
1094227
1094228
1094229
1094230
1094231
1094232
1094233
1094234
1094235
1094236
1094237
1094238
1094239
1094240
1094241
1094242
1094243
1094244
1094245
1094246
1094247
1094248
1094249
1094250
1094251
1094252
1094253
1094254
1094255
1094256
1094257
1094258
1094259
1094260
1094261
1094262
1094263
1094264
1094265
1094266
1094267
1094268
1094269
1094270
1094271
1094272
1094273
1094274
1094275
1094276
1094277
1094278
1094279
1094280
1094281
1094282
1094283
1094284
1094285
1094286
1094287
1094288
1094289
1094290
1094291
1094292
1094293
1094294
1094295
1094296
1094297
1094298
1094299
1094300
1094301
1094302
1094303
1094304
1094305
1094306
1094307
1094308
1094309
1094311
1094312
1094313
1094314
1094315
1094316
1094317
1094318
1094319
1094321
1094322
1094323
1094324
1094325
1094326
1094327
1094328
1094329
1094330
1094331
1094332
1094333
1094334
1094335
1094336
1094337
1094338
1094339
1094340
1094341
1094342
1094343
1094344
1094345
1094346
1094347
1094348
1094349
1094350
1094351
1094352
1094353
1094354
1094355
1094356
1094357
1094358
1094359
1094360
1094361
1094362
1094363
1094364
1094365
1094366
1094367
1094368
1094369
1094370
1094371
1094372
1094373
1094374
1094375
1094376
1094377
1094378
1094379
1094380
1094381
1094382
1094383
1094384
1094385
1094386
1094387
1094388
1094389
1094390
1094391
1094392
1094393
1094394
1094395
1094396
1094397
1094398
1094399
1094400
1094401
1094402
1094403
1094404
1094405
1094406
1094407
1094408
1094409
1094410
1094411
1094412
1094413
1094414
1094415
1094416
1094417
1094418
1094419
1094420
1094421
1094422
1094423
1094424
1094425
1094426
1094427
1094428
1094429
1094430
1094431
1094432
1094433
1094434
1094435
1094436
1094437
1094438
1094439
1094440
1094441
1094442
1094443
1094444
1094445
1094446
1094447
1094448
1094449
1094450
1094451
1094452
1094453
1094454
1094455
1094456
1094457
1094458
1094459
1094460
1094461
1094462
1094776
1094777
1094808
1094867
1094932
1096948
1097290
1098120
1098424
1098425
1098426
1098427
1098428
1098429
1098430
1098431
1098769
1098979
1098980
1099267
1099268
1099269
1099270
1099271
1099272
1099273
1099274
1099275
1099276
1099283
1099341
1099415
1099551
1099573
1099575
1099580
1099584
1099585
1099596
1099600
1099601
1099602
1099603
1099604
1099605
1099618
1099619
1100224
1116380
1116500
1117651
1117680
1117699
1117700
1117781
1117873
1117893
1117894
1117899
1117904
1117918
1117922
1117947
1117952
1117956
1118258
1118504
1118531
1118579
1118637
1118638
1118708
1118709
1118710
1118711
1118712
1118727
1118774
1118775
1118805
1118811
1118815
1118827
1118828
1118843
1118849
1118860
1118877
1118878
1118924
1118963
1119138
1119242
1119265
1119272
1119281
1119345
1120802
1121110
1121465
1121785
1121888
1121895
1121950
1121959
1122116
1122204
1122403
1122426
1122529
1122725
1122727
1122737
1122738
1122739
1122740
1122741
1122764
1122921
1122922
1122923
1122924
1122926
1122927
1122928
1122929
1122930
1123089
1123093
1123094
1123095
1123096
1123097
1123098
1123099
1123100
1123101
1123102
1123103
1123104
1123105
1123106
1123107
1123108
1123109
1123110
1123111
1123112
1123113
1123114
1123115
1123116
1123117
1123118
1123119
1123120
1123121
1123122
1123123
1123124
1123125
1123126
1123127
1123128
1123129
1123130
1123131
1123132
1123133
1123134
1123135
1123136
1123137
1123138
1123139
1123140
1123141
1123334
1123335
1123336
1123337
1123347
1123535
1123618
1123619
1123620
1123665
1123681
1123700
1123711
1123712
1123726
1123771
1123810
1123832
1123842
1123848
1123866
1123869
1123874
1123875
1123966
1123970
1123987
1124000
1124117
1124190
1124191
1124253
1124272
1124273
1124292
1124299
1124311
1124313
1124399
1124403
1124405
1124406
1124408
1124409
1124411
1124412
1124414
1124419
1124425
1124442
1124448
1124450
1124453
1124456
1124466
1124471
1124475
1124478
1124480
1124483
1124484
1124504
1124508
1124515
1124519
1124520
1124536
1124585
1124591
1124597
1124603
1124616
1124620
1124638
1124639
1124654
1124658
1124659
1124660
1124692
1124706
1124713
1124787
1124796
1124798
1124799
1124800
1124824
1124840
1124845
1124847
1124860
1124861
1124869
1124871
1124885
1124893
1124900
1124901
1124912
1124913
1124918
1125011
1125031
1125048
1125055
1125058
1125062
1125071
1125074
1125105
1125107
1125110
1125123
1125142
1125179
1125186
1125196
1125221
1125242
1125259
1125260
1125282
1125316
1125338
1125342
1125350
1125358
1125367
1125382
1125387
1125400
1125411
1125434
1125455
1125467
1125480
1125502
1125511
1125564
1125578
1125605
1125632
1125635
1125680
1125689
1125692
1125709
1125770
1125846
1125847
1125851
1125893
1125906
1125907
1125908
1125910
1125911
1125916
1125999
1126002
1126003
1126045
1126047
1126058
1126169
1126173
1126175
1126178
1126185
1126190
1126191
1126208
1126210
1126211
1126212
1126269
1126272
1126308
1126319
1126321
1126323
1126324
1126325
1126326
1126330
1126331
1126340
1126343
1126350
1126351
1126379
1126385
1126391
1126394
1126398
1126411
1126420
1126422
1126429
1126445
1126452
1126464
1126468
1126470
1126479
1126480
1126513
1126518
1126534
1126553
1126555
1126560
1126565
1126568
1126600
1126601
1126608
1126609
1126610
1126611
1126617
1126619
1126631
1126642
1126652
1126681
1126686
1126693
1126723
1126724
1126731
1126751
1126791
1126840
1126859
1126860
1126873
1126888
1126893
1126894
1126926
1126935
1126959
1126966
1126974
1126987
1126988
1126989
1126992
1126993
1127004
1127045
1127047
1127055
1127057
1127058
1127060
1127071
1127090
1127091
1127105
1127110
1127111
1127117
1127147
1127151
1127160
1127162
1127163
1127164
1127171
1127172
1127183
1127201
1127206
1127227
1127282
1127306
1127309
1127311
1127320
1127348
1127349
1127357
1127403
1127404
1127407
1127435
1127436
1127438
1127440
1127441
1127443
1127447
1127466
1127481
1127492
1127507
1127548
1127552
1127581
1127585
1127586
1127603
1127604
1127607
1127624
1127684
1127787
1127854
1127864
1127874
1127889
1127918
1127919
1127920
1127921
1127922
1127923
1127929
1128013
1128040
1128047
1128056
1128057
1128073
1128078
1128081
1128085
1128095
1128101
1128104
1128121
1128128
1128150
1128156
1128158
1128162
1128354
1128408
1128415
1128422
1128427
1128456
1128473
1128474
1128476
1128492
1128508
1128514
1128515
1128522
1128531
1128535
1128539
1128542
1128543
1128549
1128551
1128555
1128569
1128577
1128581
1128587
1128589
1128596
1128604
1128610
1128615
1128618
1128621
1128630
1128635
1128641
1128654
1128665
1128675
1128676
1128678
1128680
1128681
1128711
1128724
1128749
1128750
1128765
1128774
1128776
1128845
1128861
1128868
1128952
1128957
1128959
1128976
1128986
1129009
1129019
1129041
1129059
1129069
1129078
1129113
1129114
1129133
1129154
1129160
1129167
1129173
1129179
1129180
1129181
1129195
1129198
1129199
1129201
1129202
1129208
1129213
1129215
1129216
1129222
1129224
1129227
1129233
1129238
1129241
1129243
1129267
1129272
1129274
1129275
1129277
1129278
1129279
1129281
1129283
1129295
1129296
1129299
1129307
1129313
1129314
1129316
1129326
1129331
1129347
1129349
1129350
1129354
1129358
1129365
1129382
1129383
1129386
1129401
1129405
1129406
1129407
1129417
1129444
1129450
1129473
1129475
1129487
1129495
1129517
1129525
1129526
1129529
1129541
1129545
1129553
1129559
1129560
1129579
1129581
1129582
1129583
1129584
1129586
1129588
1129591
1129592
1129593
1129608
1129616
1129626
1129635
1129661
1129685
1129689
1129693
1129710
1129713
1129718
1129728
1129743
1129744
1129752
1129753
1129770
1129797
1129798
1129799
1129800
1129809
1129813
1129819
1129833
1129847
1129885
1129890
1129900
1129925
1129942
1129976
1129977
1129978
1129982
1129983
1129997
1129998
1130013
1130014
1130064
1130080
1130083
1130096
1130097
1130106
1130110
1130120
1130121
1130123
1130132
1130153
1130168
1130174
1130200
1130207
1130218
1130220
1130393
1130438
1130440
1130527
1130834
1130844
1130879
1130946
1130955
1130986
1131003
1131039
1131042
1131068
1131076
1131080
1131097
1131104
1131210
1131211
1131218
1131221
1131234
1131244
1131245
1131260
1131276
1131283
1131287
1131291
1131302
1131311
1131318
1131374
1131375
1131381
1131388
1131389
1131390
1131391
1131392
1131393
1131430
1131434
1131471
1131474
1131491
1131513
1131516
1131519
1131542
1131553
1131556
1131575
1131592
1131600
1131602
1131621
1131624
1131644
1131668
1131669
1131675
1131677
1131697
1131709
1131722
1131725
1131789
1131791
1131795
1131800
1131824
1131854
1131930
1131941
1131950
1131951
1131952
1131953
1131954
1131977
1131988
1132015
1132027
1132030
1132041
1132046
1132146
1132186
1132192
1132202
1132231
1132232
1132237
1132238
1132239
1132240
1132241
1132242
1132243
1132253
1132254
1132255
1132271
1132277
1132279
1132281
1132457
1132657
1132671
1132678
1132687
1132705
1132721
1132724
1132726
1132730
1132774
1132782
1132808
1132816
1132836
1132839
1132843
1132859
1132897
1132900
1132919
1133156
1133180
1133181
1133233
1133234
1133235
1133236
1133237
1133238
1133239
1133240
1133241
1133242
1133831
1133841
1133843
1133857
1133882
1133889
1133894
1133909
1133912
1133914
1133925
1133926
1133930
1133933
1133958
1133959
1133967
1133972
1133975
1133986
1133989
1133997
1133999
1134003
1134027
1134030
1134036
1134055
1134057
1134062
1134090
1134102
1134110
1134266
1134386
1134399
1134400
1134404
1134418
1134428
1134454
1134457
1134465
1134466
1134489
1134492
1134536
1134545
1134547
1134549
1134550
1134569
1134588
1134591
1134603
1134605
1134638
1134640
1134643
1134656
1134670
1134672
1134681
1134694
1134736
1134739
1134740
1134753
1134811
1134934
1134968
1134980
1135066
1135085
1135091
1135097
1135116
1135146
1135642
1135644
1135672
1135693
1135716
1135724
1135749
1135814
1135824
1135828
1135835
1135846
1135873
1135930
1135939
1135943
1135976
1135993
1135995
1136038
1136045
1136073
1136081
1136134
1136155
1136156
1136160
1136181
1136203
1136205
1136219
1136223
1136225
1136231
1136232
1136234
1136235
1136241
1136245
1136251
1136252
1136255
1136256
1136276
1136278
1136280
1136285
1136295
1136299
1136303
1136310
1136311
1136312
1136317
1136318
1136321
1136322
1136324
1136325
1136327
1136332
1136334
1136337
1136338
1136339
1136340
1136346
1136358
1136369
1136375
1136380
1136382
1136383
1136385
1136392
1136393
1136394
1136396
1136400
1136401
1136407
1136413
1136414
1136416
1136418
1136419
1136422
1136425
1136430
1136432
1136434
1136440
1136445
1136451
1136465
1136467
1136468
1136469
1136470
1136475
1136476
1136478
1136479
1136480
1136481
1136503
1136507
1136516
1136529
1136559
1136562
1136573
1136582
1136598
1136601
1136625
1136626
1136640
1136646
1136647
1136649
1136676
1136677
1136692
1136693
1136705
1136715
1136729
1136748
1136761
1136797
1136823
1136834
1136842
1136891
1136897
1137003
1137013
1137021
1137041
1137042
1137081
1137088
1137100
1137103
1137107
1137127
1137146
1137157
1137168
1137175
1137181
1137203
1137238
1137267
1137302
1137851
1137870
1137876
1137878
1137895
1137912
1137979
1138004
1138015
1138055
1138123
1138346
1138352
1138355
1138357
1138361
1138393
1138395
1138406
1138412
1138420
1138425
1138430
1138434
1138446
1138451
1138453
1138465
1138470
1138471
1138477
1138478
1138484
1138498
1138508
1138525
1138534
1138581
1138587
1138604
1138669
1138676
1138678
1138693
1138758
1138791
1138800
1138917
1138918
1138922
1139051
1139141
1139193
1139229
1139253
1139268
1139278
1139297
1139303
1139320
1139343
1139357
1139367
1139374
1139381
1139399
1139404
1139413
1139442
1139453
1139494
1139523
1139604
1139633
1139641
1139696
1139795
1139820
1139833
1139834
1139835
1139836
1139843
1139899
1140022
1140026
1140050
1140053
1140118
1140150
1140178
1140192
1140198
1140247
1140258
1140273
1140300
1140301
1140317
1140318
1140327
1140339
1140385
1140393
1140438
1140477
1140483
1140544
1140592
1140637
1140645
1140685
1140697
1140725
1140744
1140806
1140902
1140911
1140918
1140922
1140936
1140942
1140944
1140949
1140952
1140956
1140963
1140968
1140977
1140979
1140984
1141015
1141020
1141081
1141179
1141246
1141446
1144668
1144686
1144758
1144813
1144832
1144853
1144903
1144955
1144968
1144979
1145012
1145027
1145080
1145103
1145429
1145498
1145660
1145776
1145809
1145931
1146144
1146145
1146203
1146332
1146369
1146372
1146406
1146443
1146454
1146469
1146494
1146495
1146498
1146502
1146508
1146510
1146514
1146537
1146541
1146544
1146575
1146803
1146894
1147008
1147024
1147045
1147121
1147166
1147204
1147207
1147231
1147281
1147286
1147334
1147368
1147411
1147417
1147451
1147503
1147669
1147752
1147753
1147777
1147842
1147848
1147907
1147917
1147928
1147957
1148068
1148104
1148105
1148129
1148137
1148153
1148178
1148207
1148210
1148224
1148237
1148453
1148462
1148507
1148518
1148534
1148536
1148550
1148552
1148553
1148565
1148580
1148585
1148596
1148597
1148600
1148601
1148619
1148660
1148665
1148689
1148697
1148721
1148740
1148755
1148765
1148768
1148781
1148791
1148820
1148838
1148846
1148847
1148867
1148893
1148897
1148900
1148903
1149021
1149025
1149069
1149076
1149110
1149156
1149160
1149161
1149164
1149166
1149169
1149222
1149234
1149244
1149248
1149253
1149254
1149256
1149308
1149313
1149314
1149321
1149327
1149328
1149337
1149342
1149343
1149402
1149420
1149465
1149480
1149546
1149547
1149566
1149594
1149624
1149642
1149653
1149669
1149674
1149710
1149743
1149779
1149791
1149794
1149797
1149851
1149854
1149866
1149877
1149889
1149901
1149907
1149909
1149928
1149941
1150001
1150015
1150016
1150024
1150027
1150051
1150062
1150073
1150096
1150101
1150106
1150118
1150130
1150397
1150441
1150444
1150445
1150472
1150473
1150534
1150712
1150753
1150790
1150819
1150836
1150886
1150891
1150910
1150942
1150990
1151009
1151035
1151045
1151069
1151082
1152461
1152481
1152493
1152508
1152531
1152535
1152549
1152559
1152580
1152704
1152706
1153156
1154087
1154088
1154089
1154113
1154118
1154129
1154224
1154226
1155784
1155794
1155805
1155807
1155827
1155832
1155844
1155847
1155854
1155860
1155866
1155876
1155878
1155881
1155891
1155899
1156030
1156077
1156080
1156096
1156169
1156171
1156179
1156198
1156224
1156255
1156266
1156285
1157143
1157182
1157220
1157393
1157405
1157414
1157422
1157444
1157504
1157535
1157551
1157552
1157604
1157617
1157620
1157629
1157648
1157664
1157680
1157731
1158548
1164305
1164394
1164841
1164925
1165029
1165043
1165068
1165306
1165308
1165356
1170925
1170932
1171601
1171642
1171875
1171888
1173422
1173797
1174796
1174799
1174972
1174979
1174986
1174988
1175003
1175075
1175127
1175702
1175704
1175720
1175792
1175793
1175805
1175811
1177173
