1001932
1006965
1007077
1027853
1040817
1040908
1053613
1053620
1065891
1065898
1065905
1065912
1065919
1065926
1065933
1065940
1065947
1065954
1066542
1066549
1083419
1083426
1083433
1083440
1083447
1083454
1083517
1083524
1083531
1083538
1083545
1083552
1083559
1083566
1083573
1083580
1083587
1083594
1083601
1083608
1083615
1083622
1083629
1083636
1083643
1083650
1083657
1083664
1083671
1083678
1083685
1083692
1083699
1083706
1083713
1083720
1083727
1083734
1083741
1083748
1083755
1083762
1083769
1083776
1083783
1083790
1083797
1083804
1083811
1083818
1083825
1083832
1083839
1083846
1083853
1083860
1083867
1083874
1083881
1083888
1083895
1083902
1083909
1083916
1083923
1083930
1083937
1083944
1083951
1083958
1083965
1083972
1083979
1083986
1083993
1084000
1084007
1084014
1084021
1084028
1084035
1084042
1084049
1084056
1084063
1084070
1084077
1084084
1084091
1084098
1084105
1084112
1084119
1084126
1084133
1084140
1084147
1084154
1084161
1084168
1084175
1084182
1084189
1084196
1084203
1084210
1084217
1084224
1084231
1084238
1084245
1084252
1084259
1084266
1094492
1094493
1094506
1094509
1094510
1094859
1094950
1094951
1094952
1096067
1096068
1096069
1096070
1096071
1096072
1096073
1096074
1096075
1096076
1096077
1096078
1096079
1096080
1096081
1096082
1096083
1096084
1096085
1096086
1096087
1096088
1096089
1096090
1096091
1096092
1096093
1096094
1096095
1096096
1096097
1096098
1096099
1096100
1096101
1096102
1096103
1096104
1096105
1096106
1096107
1096108
1096109
1096110
1096111
1096112
1096113
1096114
1096115
1096116
1096117
1096118
1096119
1096120
1096121
1096122
1096123
1096124
1096125
1096126
1096127
1096128
1096129
1096130
1096131
1096132
1096133
1096134
1096135
1096136
1096137
1096138
1096139
1096140
1096141
1096142
1096143
1096144
1096145
1096146
1096147
1096148
1096149
1096150
1096151
1096846
1096883
1099023
1099205
1099637
1099644
1099645
1099646
1099648
1116372
1116423
1117670
1117671
1117773
1117901
1117962
1117963
1117964
1117965
1117966
1117967
1117968
1117969
1119342
1121450
1121451
1122372
1122423
1122424
1123204
1123352
1126073
1127672
1127813
1127821
1127861
1130398
1130780
1133792
1134375
1136951
1141274
1151656
1151660
1152185
1152186
1152187
1152188
1152189
1152190
1152191
1152192
1152193
1152194
1152195
1152196
1152197
1152198
1152199
1152200
1152201
1152202
1152203
1152204
1152205
1152206
1152207
1152208
1152209
1152210
1152211
1152212
1152213
1152214
1152215
1152216
1152217
1152218
1152219
1152220
1152221
1152222
1152223
1152224
1152225
1152226
1152227
1152228
1152229
1152230
1152231
1152232
1152233
1152234
1152235
1152236
1152237
1152238
1152239
1152240
1152241
1152242
1152243
1152244
1152245
1152246
1152247
1152248
1152249
1152250
1152251
1152252
1152253
1152254
1152255
1152256
1152257
1152258
1152259
1152260
1152261
1152262
1152263
1152264
1152265
1152266
1152267
1152268
1152269
1152270
1152271
1152272
1152273
1152274
1152275
1152276
1152277
1152278
1152279
1152280
1152281
1152282
1152283
1152284
1152285
1152286
1152287
1152326
1152327
1152328
1152329
1152330
1152331
1152332
1152333
1152334
1152335
1152336
1152337
1152338
1152339
1152340
1152341
1152342
1152343
1152344
1152345
1152346
1152347
1152348
1152349
1152350
1152351
1152352
1152353
1152354
1152355
1152356
1152357
1152358
1152359
1152360
1152361
1152362
1152363
1152364
1152365
1152366
1152367
1152368
1152369
1152370
1152371
1152372
1152373
1152374
1152375
1152376
1152377
1152378
1152379
1152380
1152381
1152382
1152383
1152384
1152385
1152386
1152387
1152388
1152389
1152390
1152391
1152392
1152393
1152394
1152395
1152396
1152397
1152398
1152399
1152400
1152401
1152402
1152403
1152404
1152405
1152406
1152407
1152408
1152409
1152410
1152411
1152412
1152413
1152414
1152415
1152416
1152417
1152418
1152419
1152420
1152421
1152422
1152423
1152424
1153181
1153817
1154042
1154046
1160415
1164621
1173576
1180923
1188568
