1006391
1006482
1007084
1007091
1007098
1007105
1007112
1007119
1007126
1007133
1007140
1007147
1007154
1007161
1007168
1007175
1007182
1007189
1007196
1007203
1007210
1007217
1007224
1007231
1007238
1007245
1007252
1007259
1007266
1007273
1007280
1007287
1007294
1007301
1007308
1007315
1007322
1007329
1007336
1007343
1007350
1007357
1007364
1007371
1007378
1007385
1007392
1007399
1007406
1007413
1007420
1007427
1007434
1007441
1007448
1007455
1007462
1007469
1007476
1007483
1007490
1007497
1007504
1007511
1007518
1007525
1007532
1007539
1007546
1007553
1007560
1007567
1007574
1007581
1007588
1007595
1007602
1007609
1007616
1007623
1007630
1007637
1007644
1007651
1007658
1007665
1007672
1007679
1007686
1007693
1007700
1007707
1007714
1007721
1007728
1007735
1007742
1007749
1007756
1007763
1007770
1007777
1007784
1007791
1007798
1007805
1007812
1007819
1007826
1007833
1007840
1007847
1007854
1007861
1007868
1007875
1007882
1007889
1007896
1007903
1007910
1007917
1007924
1007931
1007938
1007945
1007952
1007959
1007966
1007973
1007980
1007987
1007994
1008001
1008008
1008015
1008022
1008029
1008036
1008043
1008050
1008057
1008064
1008071
1008078
1008085
1008092
1008099
1008106
1008113
1008120
1008127
1008134
1008141
1008148
1008155
1008162
1008169
1008176
1008183
1008190
1008197
1008204
1008211
1008218
1008225
1008232
1008239
1008246
1008253
1008260
1008267
1008274
1008281
1008288
1008295
1008302
1008309
1008316
1008323
1008330
1008337
1008344
1008351
1008358
1008365
1008372
1008379
1008386
1008393
1008400
1008407
1008414
1008421
1008428
1008435
1008442
1008449
1008456
1008463
1008470
1008477
1008484
1008491
1008498
1008505
1008512
1008519
1008526
1008533
1008540
1008547
1008554
1008561
1008568
1008575
1008582
1008589
1008596
1008603
1008610
1008617
1008624
1008631
1008638
1008645
1008652
1008659
1008666
1008673
1008680
1008687
1008694
1008701
1008708
1008715
1008722
1008729
1008736
1008743
1008750
1008757
1008764
1008771
1008778
1008785
1008792
1008799
1008806
1008813
1008820
1008827
1008834
1008841
1008848
1008855
1008862
1008869
1008876
1008883
1008890
1008897
1008904
1008911
1008918
1008925
1008932
1008939
1008946
1008953
1008960
1008967
1008974
1008981
1008988
1008995
1009002
1009009
1009016
1009023
1009030
1009037
1009044
1009051
1009058
1009065
1009072
1009079
1009086
1009093
1009100
1009107
1009114
1009121
1009128
1009135
1009142
1009149
1009156
1009163
1009170
1009177
1009184
1009191
1009198
1009205
1009212
1009219
1009226
1009233
1009240
1009247
1009254
1009261
1009268
1009275
1009282
1009289
1009296
1009303
1009310
1009317
1009324
1009331
1009338
1009345
1009352
1009359
1009366
1009373
1009380
1009387
1009394
1009401
1009408
1009415
1009422
1009429
1009436
1009443
1009450
1009457
1009464
1009471
1009478
1009485
1009492
1009499
1009506
1009513
1009520
1009527
1009534
1009541
1009548
1009555
1009562
1009569
1009576
1009583
1009590
1009597
1009604
1009611
1009618
1009625
1009632
1009639
1009646
1009653
1009660
1009667
1009674
1009681
1009688
1009695
1009702
1009709
1009716
1009723
1009730
1009737
1009744
1009751
1009758
1009765
1009772
1009779
1009786
1009793
1009800
1009807
1009814
1009821
1009828
1009835
1009842
1009849
1009856
1009863
1009870
1009877
1009884
1009891
1009898
1009905
1009912
1009919
1009926
1009933
1009940
1009947
1009954
1009961
1009968
1009975
1009982
1009989
1009996
1010003
1010010
1010017
1010024
1010031
1010038
1010045
1010052
1010059
1010066
1010073
1010080
1010087
1010094
1010101
1010108
1010115
1010122
1010129
1010136
1010143
1010150
1010157
1010164
1010171
1010178
1010185
1010192
1010199
1010206
1010213
1010220
1010227
1010234
1010241
1010248
1010255
1010262
1010269
1010276
1010283
1010290
1010297
1010304
1010311
1010318
1010325
1010332
1010339
1010346
1010353
1010360
1010367
1010374
1010381
1010388
1010395
1010402
1010409
1010416
1010423
1010430
1010437
1010444
1010451
1010458
1010465
1010472
1010479
1010486
1010493
1010500
1010507
1010514
1010521
1010528
1010535
1010542
1010549
1010556
1010563
1010570
1010577
1010584
1010591
1010598
1010605
1010612
1010619
1010626
1010633
1010640
1010647
1010654
1010661
1010668
1010675
1010682
1010689
1010696
1010703
1010710
1010717
1010724
1010731
1010738
1010745
1010752
1010759
1010766
1010773
1010780
1010787
1010794
1010801
1010808
1010815
1010822
1010829
1010836
1010843
1010850
1010857
1010864
1010871
1010878
1010885
1010892
1010899
1010906
1010913
1010920
1010927
1010934
1010941
1010948
1010955
1010962
1010969
1010976
1010983
1010990
1010997
1011004
1011011
1011018
1011025
1011032
1011039
1011046
1011053
1011060
1011067
1011074
1011081
1011088
1011095
1011102
1011109
1011116
1011123
1011130
1011137
1011144
1011151
1011158
1011165
1011172
1011179
1011186
1011193
1011200
1011207
1011214
1011221
1011228
1011235
1011242
1011249
1011256
1011263
1011270
1011277
1011284
1011291
1011298
1011305
1011312
1011319
1011326
1011333
1011340
1011347
1011354
1011361
1011368
1011375
1011382
1011389
1011396
1011403
1011410
1011417
1011424
1011431
1011438
1011445
1011452
1011459
1011466
1011473
1011480
1011487
1011494
1011501
1011508
1011515
1011522
1011529
1011536
1011543
1011550
1011557
1011564
1011571
1011578
1011585
1011592
1011599
1011606
1011613
1011620
1011627
1011634
1011641
1011648
1011655
1011662
1011669
1011676
1011683
1011690
1011697
1011704
1011711
1011718
1011725
1011732
1011739
1011746
1011753
1011760
1011767
1011774
1011781
1011788
1011795
1011802
1011809
1011816
1011823
1011830
1011837
1011844
1011851
1011858
1011865
1011872
1011879
1011886
1011893
1011900
1011907
1011914
1011921
1011928
1011935
1011942
1011949
1011956
1011963
1011970
1011977
1011984
1011991
1011998
1012005
1012012
1012019
1012026
1012033
1012040
1012047
1012054
1012061
1012068
1012075
1012082
1012089
1012096
1012103
1012110
1012117
1012124
1012131
1012138
1012145
1012152
1012159
1012166
1012173
1012180
1012187
1012194
1012201
1012208
1012215
1012222
1012229
1012236
1012243
1012250
1012257
1012264
1012271
1012278
1012285
1012292
1012299
1012306
1012313
1012320
1012327
1012334
1012341
1012348
1012355
1012362
1012369
1012376
1012383
1012390
1012397
1012404
1012411
1012418
1012425
1012432
1012439
1012446
1012453
1012460
1012467
1012474
1012481
1012488
1012495
1012502
1012509
1012516
1012523
1012530
1012537
1012544
1012551
1012558
1012565
1012572
1012579
1012586
1012593
1012600
1012607
1012614
1012621
1012628
1012635
1012642
1012649
1012656
1012663
1012670
1012677
1012684
1012691
1012698
1012705
1012712
1012719
1012726
1012733
1012740
1012747
1012754
1012761
1012768
1012775
1012782
1012789
1012796
1012803
1012810
1012817
1012824
1012831
1012838
1012845
1012852
1012859
1012866
1012873
1012880
1012887
1012894
1012901
1012908
1012915
1012922
1012929
1012936
1012943
1012950
1012957
1012964
1012971
1012978
1012985
1012992
1012999
1013006
1013013
1013020
1013027
1013034
1013041
1013048
1013055
1013062
1013069
1013076
1013083
1013090
1013097
1013104
1013111
1013118
1013125
1013132
1013139
1013146
1013153
1013160
1013167
1013174
1013181
1013188
1013195
1013202
1013209
1013216
1013223
1013230
1013237
1013244
1013251
1013258
1013265
1013272
1013279
1013286
1013293
1013300
1013307
1013314
1013321
1013328
1013335
1013342
1013349
1013356
1013363
1013370
1013377
1013384
1013391
1013398
1013405
1013412
1013419
1013426
1013433
1013440
1013447
1013454
1013461
1013468
1013475
1013482
1013489
1013496
1013503
1013510
1013517
1013524
1013531
1013538
1013545
1013552
1013559
1013566
1013573
1013580
1013587
1013594
1013601
1013608
1013615
1013622
1013629
1013636
1013643
1013650
1013657
1013664
1013671
1013678
1013685
1013692
1013699
1013706
1013713
1013720
1013727
1013734
1013741
1013748
1013755
1013762
1013769
1013776
1013783
1013790
1013797
1013804
1013811
1013818
1013825
1013832
1013839
1013846
1013853
1013860
1013867
1013874
1013881
1013888
1013895
1013902
1013909
1013916
1013923
1013930
1013937
1013944
1013951
1013958
1013965
1013972
1013979
1013986
1013993
1014000
1014007
1014014
1014021
1014028
1014035
1014042
1014049
1014056
1014063
1014070
1014077
1014084
1014091
1014098
1014105
1014112
1014119
1014126
1014133
1014140
1014147
1014154
1014161
1014168
1014175
1014182
1014189
1014196
1014203
1014210
1014217
1014224
1014231
1014238
1014245
1014252
1014259
1014266
1014273
1014280
1014287
1014294
1014301
1014308
1014315
1014322
1014329
1014336
1014343
1014350
1014357
1014364
1014371
1014378
1014385
1014392
1014399
1014406
1014413
1014420
1014427
1014434
1014441
1014448
1014455
1014462
1014469
1014476
1014483
1014490
1014497
1014504
1014511
1014518
1014525
1014532
1014539
1014546
1014553
1014560
1014567
1014574
1014581
1014588
1014595
1014602
1014609
1014616
1014623
1014630
1014637
1014644
1014651
1014658
1014665
1014672
1014679
1014686
1014693
1014700
1014707
1014714
1014721
1014728
1014735
1014742
1014749
1014756
1014763
1014770
1014777
1014784
1014791
1014798
1014805
1014812
1014819
1014826
1014833
1014840
1014847
1014854
1014861
1014868
1014875
1014882
1014889
1014896
1014903
1014910
1014917
1014924
1014931
1014938
1014945
1014952
1014959
1014966
1014973
1014980
1014987
1014994
1015001
1015008
1015015
1015022
1015029
1015036
1015043
1015050
1015057
1015064
1015071
1015078
1015085
1015092
1015099
1015106
1015113
1015120
1015127
1015134
1015141
1015148
1015155
1015162
1015169
1015176
1015183
1015190
1015197
1015204
1015211
1015218
1015225
1015232
1015239
1015246
1015253
1015260
1015267
1015274
1015281
1015288
1015295
1015302
1015309
1015316
1015323
1015330
1015337
1015344
1015351
1015358
1015365
1015372
1015379
1015386
1015393
1015400
1015407
1015414
1015421
1015428
1015435
1015442
1015449
1015456
1015463
1015470
1015477
1015484
1015491
1015498
1015505
1015512
1015519
1015526
1015533
1015540
1015547
1015554
1015561
1015568
1015575
1015582
1015589
1015596
1015603
1015610
1015617
1015624
1015631
1015638
1015645
1015652
1015659
1015666
1015673
1015680
1015687
1015694
1015701
1015708
1015715
1015722
1015729
1015736
1015743
1015750
1015757
1015764
1015771
1015778
1015785
1015792
1015799
1015806
1015813
1015820
1015827
1015834
1015841
1015848
1015855
1015862
1015869
1015876
1015883
1015890
1015897
1015904
1015911
1015918
1015925
1015932
1015939
1015946
1015953
1015960
1015967
1015974
1015981
1015988
1015995
1016002
1016009
1016016
1016023
1016030
1016037
1016044
1016051
1016058
1016065
1016072
1016079
1016086
1016093
1016100
1016107
1016114
1016121
1016128
1016135
1016142
1016149
1016156
1016163
1016170
1016177
1016184
1016191
1016198
1016205
1016212
1016219
1016226
1016233
1016240
1016247
1016254
1016261
1016268
1016275
1016282
1016289
1016296
1016303
1016310
1016317
1016324
1016331
1016338
1016345
1016352
1016359
1016366
1016373
1016380
1016387
1016394
1016401
1016408
1016415
1016422
1016429
1016436
1016443
1016450
1016457
1016464
1016471
1016478
1016485
1016492
1016499
1016506
1016513
1016520
1016527
1016534
1016541
1016548
1016555
1016562
1016569
1016576
1016583
1016590
1016597
1016604
1016611
1016618
1016625
1016632
1016639
1016646
1016653
1016660
1016667
1016674
1016681
1016688
1016695
1016702
1016709
1016716
1016723
1016730
1016737
1016744
1016751
1016758
1016765
1016772
1016779
1016786
1016793
1016800
1016807
1016814
1016821
1016828
1016835
1016842
1016849
1016856
1016863
1016870
1016877
1016884
1016891
1016898
1016905
1016912
1016919
1016926
1016933
1016940
1016947
1016954
1016961
1016968
1016975
1016982
1016989
1016996
1017003
1017010
1017017
1017024
1017031
1017038
1017045
1017052
1017059
1017066
1017073
1017080
1017087
1017094
1017101
1017108
1017115
1017122
1017129
1017136
1017143
1017150
1017157
1017164
1017171
1017178
1017185
1017192
1017199
1017206
1017213
1017220
1017227
1017234
1017241
1017248
1017255
1017262
1017269
1017276
1017283
1017290
1017297
1017304
1017311
1017318
1017325
1017332
1017339
1017346
1017353
1017360
1017367
1017374
1017381
1017388
1017395
1017402
1017409
1017416
1017423
1017430
1017437
1017444
1017451
1017458
1017465
1017472
1017479
1017486
1017493
1017500
1017507
1017514
1017521
1017528
1017535
1017542
1017549
1017556
1017563
1017570
1017577
1017584
1017591
1017598
1017605
1017612
1017619
1017626
1017633
1017640
1017647
1017654
1017661
1017668
1017675
1017682
1017689
1017696
1017703
1017710
1017717
1017724
1017731
1017738
1017745
1017752
1017759
1017766
1017773
1017780
1017787
1017794
1017801
1017808
1017815
1017822
1017829
1017836
1017843
1017850
1017857
1017864
1017871
1017878
1017885
1017892
1017899
1017906
1017913
1017920
1017927
1017934
1017941
1017948
1017955
1017962
1017969
1017976
1017983
1017990
1017997
1018004
1018011
1018018
1018025
1018032
1018039
1018046
1018053
1018060
1018067
1018074
1018081
1018088
1018095
1018102
1018109
1018116
1018123
1018130
1018137
1018144
1018151
1018158
1018165
1018172
1018179
1018186
1018193
1018200
1018207
1018214
1018221
1018228
1018235
1018242
1018249
1018256
1018263
1018270
1018277
1018284
1018291
1018298
1018305
1018312
1018319
1018326
1018333
1018340
1018347
1018354
1018361
1018368
1018375
1018382
1018389
1018396
1018403
1018410
1018417
1018424
1018431
1018438
1018445
1018452
1018459
1018466
1018473
1018480
1018487
1018494
1018501
1018508
1018515
1018522
1018529
1018536
1018543
1018550
1018557
1018564
1018571
1018578
1018585
1018592
1018599
1018606
1018613
1018620
1018627
1018634
1018641
1018648
1018655
1018662
1018669
1018676
1018683
1018690
1018697
1018704
1018711
1018718
1018725
1018732
1018739
1018746
1018753
1018760
1018767
1018774
1018781
1018788
1018795
1018802
1018809
1018816
1018823
1018830
1018837
1018844
1018851
1018858
1018865
1018872
1018879
1018886
1018893
1018900
1018907
1018914
1018921
1018928
1018935
1018942
1018949
1018956
1018963
1018970
1018977
1018984
1018991
1018998
1019005
1019012
1019019
1019026
1019033
1019040
1019047
1019054
1019061
1019068
1019075
1019082
1019089
1019096
1019103
1019110
1019117
1019124
1019131
1019138
1019145
1019152
1019159
1019166
1019173
1019180
1019187
1019194
1019201
1019208
1019215
1019222
1019229
1019236
1019243
1019250
1019257
1019264
1019271
1019278
1019285
1019292
1019299
1019306
1019313
1019320
1019327
1019334
1019341
1019348
1019355
1019362
1019369
1019376
1019383
1019390
1019397
1019404
1019411
1019418
1019425
1019432
1019439
1019446
1019453
1019460
1019467
1019474
1019481
1019488
1019495
1019502
1019509
1019516
1019523
1019530
1019537
1019544
1019551
1019558
1019565
1019572
1019579
1019586
1019593
1019600
1019607
1019614
1019621
1019628
1019635
1019642
1019649
1019656
1019663
1019670
1019677
1019684
1019691
1019698
1019705
1019712
1019719
1019726
1019733
1019740
1019747
1019754
1019761
1019768
1019775
1019782
1019789
1019796
1019803
1019810
1019817
1019824
1019831
1019838
1019845
1019852
1019859
1019866
1019873
1019880
1019887
1019894
1019901
1019908
1019915
1019922
1019929
1019936
1019943
1019950
1019957
1019964
1019971
1019978
1019985
1019992
1019999
1020006
1020013
1020020
1020027
1020034
1020041
1020048
1020055
1020062
1020069
1020076
1020083
1020090
1020097
1020104
1020111
1020118
1020125
1020132
1020139
1020146
1020153
1020160
1020167
1020174
1020181
1020188
1020195
1020202
1020209
1020216
1020223
1020230
1020237
1020244
1020251
1020258
1020265
1020272
1020279
1020286
1020293
1020300
1020307
1020314
1020321
1020328
1020335
1020342
1020349
1020356
1020363
1020370
1020377
1020384
1020391
1020398
1020405
1020412
1020419
1020426
1020433
1020440
1020447
1020454
1020461
1020468
1020475
1020482
1020489
1020496
1020503
1020510
1020517
1020524
1020531
1020538
1020545
1020552
1020559
1020566
1020573
1020580
1020587
1020594
1020601
1020608
1020615
1020622
1020629
1020636
1020643
1020650
1020657
1020664
1020671
1020678
1020685
1020692
1020699
1020706
1020713
1020720
1020727
1020734
1020741
1020748
1020755
1020762
1020769
1020776
1020783
1020790
1020797
1020804
1020811
1020818
1020825
1020832
1020839
1020846
1020853
1020860
1020867
1020874
1020881
1020888
1020895
1020902
1020909
1020916
1020923
1020930
1020937
1020944
1020951
1020958
1020965
1020972
1020979
1020986
1020993
1021000
1021007
1021014
1021021
1021028
1021035
1021042
1021049
1021056
1021063
1021070
1021077
1021084
1021091
1021098
1021105
1021112
1021119
1021126
1021133
1021140
1021147
1021154
1021161
1021168
1021175
1021182
1021189
1021196
1021203
1021210
1021217
1021224
1021231
1021238
1021245
1021252
1021259
1021266
1021273
1021280
1021287
1021294
1021301
1021308
1021315
1021322
1021329
1021336
1021343
1021350
1021357
1021364
1021371
1021378
1021385
1021392
1021399
1021406
1021413
1021420
1021427
1021434
1021441
1021448
1021455
1021462
1021469
1021476
1021483
1021490
1021497
1021504
1021511
1021518
1021525
1021532
1021539
1021546
1021553
1021560
1021567
1021574
1021581
1021588
1021595
1021602
1021609
1021616
1021623
1021630
1021637
1021644
1021651
1021658
1021665
1021672
1021679
1021686
1021693
1021700
1021707
1021714
1021721
1021728
1021735
1021742
1021749
1021756
1021763
1021770
1021777
1021784
1021791
1021798
1021805
1021812
1021819
1021826
1021833
1021840
1021847
1021854
1021861
1021868
1021875
1021882
1021889
1021896
1021903
1021910
1021917
1021924
1021931
1021938
1021945
1021952
1021959
1021966
1021973
1021980
1021987
1021994
1022001
1022008
1022015
1022022
1022029
1022036
1022043
1022050
1022057
1022064
1022071
1022078
1022085
1022092
1022099
1022106
1022113
1022120
1022127
1022134
1022141
1022148
1022155
1022162
1022169
1022176
1022183
1022190
1022197
1022204
1022211
1022218
1022225
1022232
1022239
1022246
1022253
1022260
1022267
1022274
1022281
1022288
1022295
1022302
1022309
1022316
1022323
1022330
1022337
1022344
1022351
1022358
1022365
1022372
1022379
1022386
1022393
1022400
1022407
1022414
1022421
1022428
1022435
1022442
1022449
1022456
1022463
1022470
1022477
1022484
1022491
1022498
1022505
1022512
1022519
1022526
1022533
1022540
1022547
1022554
1022561
1022568
1022575
1022582
1022589
1022596
1022603
1022610
1022617
1022624
1022631
1022638
1022645
1022652
1022659
1022666
1022673
1022680
1022687
1022694
1022701
1022708
1022715
1022722
1022729
1022736
1022743
1022750
1022757
1022764
1022771
1022778
1022785
1022792
1022799
1022806
1022813
1022820
1022827
1022834
1022841
1022848
1022855
1022862
1022869
1022876
1022883
1022890
1022897
1022904
1022911
1022918
1022925
1022932
1022939
1022946
1022953
1022960
1022967
1022974
1022981
1022988
1022995
1023002
1023009
1023016
1023023
1023030
1023037
1023044
1023051
1023058
1023065
1023072
1023079
1023086
1023093
1023100
1023107
1023114
1023121
1023128
1023135
1023142
1023149
1023156
1023163
1023170
1023177
1023184
1023191
1023198
1023205
1023212
1023219
1023226
1023233
1023240
1023247
1023254
1023261
1023268
1023275
1023282
1023289
1023296
1023303
1023310
1023317
1023324
1023331
1023338
1023345
1023352
1023359
1023366
1023373
1023380
1023387
1023394
1023401
1023408
1023415
1023422
1023429
1023436
1023443
1023450
1023457
1023464
1023471
1023478
1023485
1023492
1023499
1023506
1023513
1023520
1023527
1023534
1023541
1023548
1023555
1023562
1023569
1023576
1023583
1023590
1023597
1023604
1023611
1023618
1023625
1023632
1023639
1023646
1023653
1023660
1023667
1023674
1023681
1023688
1023695
1023702
1023709
1023716
1023723
1023730
1023737
1023744
1023751
1023758
1023765
1023772
1023779
1023786
1023793
1023800
1023807
1023814
1023821
1023828
1023835
1023842
1023849
1023856
1023863
1023870
1023877
1023884
1023891
1023898
1023905
1023912
1023919
1023926
1023933
1023940
1023947
1023954
1023961
1023968
1023975
1023982
1023989
1023996
1024003
1024010
1024017
1024024
1024031
1024038
1024045
1024052
1024059
1024066
1024073
1024080
1024087
1024094
1024101
1024108
1024115
1024122
1024129
1024136
1024143
1024150
1024157
1024164
1024171
1024178
1024185
1024192
1024199
1024206
1024213
1024220
1024227
1024234
1024241
1024248
1024255
1024262
1024269
1024276
1024283
1024290
1024297
1024304
1024311
1024318
1024325
1024332
1024339
1024346
1024353
1024360
1024367
1024374
1024381
1024388
1024395
1024402
1024409
1024416
1024423
1024430
1024437
1024444
1024451
1024458
1024465
1024472
1024479
1024486
1024493
1024500
1024507
1024514
1024521
1024528
1024535
1024542
1024549
1024556
1024563
1024570
1024577
1024584
1024591
1024598
1024605
1024612
1024619
1024626
1024633
1024640
1024647
1024654
1024661
1024668
1024675
1024682
1024689
1024696
1024703
1024710
1024717
1024724
1024731
1024738
1024745
1024752
1024759
1024766
1024773
1024780
1024787
1024794
1024801
1024808
1024815
1024822
1024829
1024836
1024843
1024850
1024857
1024864
1024871
1024878
1024885
1024892
1024899
1024906
1024913
1024920
1024927
1024934
1024941
1024948
1024955
1024962
1024969
1024976
1024983
1024990
1024997
1025004
1025011
1025018
1025025
1025032
1025039
1025046
1025053
1025060
1025067
1025074
1025081
1025088
1025095
1025102
1025109
1025116
1025123
1025130
1025137
1025144
1025151
1025158
1025165
1025172
1025179
1025186
1025193
1025200
1025207
1025214
1025221
1025228
1025235
1025242
1025249
1025256
1025263
1025270
1025277
1025284
1025291
1025298
1040852
1092379
1099195
1100319
1116473
1119200
1119314
1120629
1120909
1121070
1121123
1121124
1121125
1121126
1121127
1121128
1121129
1121130
1121131
1121132
1121133
1121134
1121135
1121136
1121137
1121138
1121139
1121140
1121141
1121142
1121143
1121144
1121145
1121146
1121147
1121148
1121149
1121150
1121151
1121152
1121153
1121154
1121155
1121156
1121157
1121158
1121159
1121160
1121161
1121162
1121163
1121164
1121165
1121166
1121167
1121168
1121169
1121170
1121171
1121172
1121173
1121174
1121175
1121176
1121177
1121178
1121179
1121180
1121181
1121182
1121183
1121184
1121185
1121186
1121187
1121188
1121189
1121190
1121191
1121192
1121193
1121194
1121195
1121196
1121197
1121198
1121199
1121200
1121201
1121202
1121203
1121204
1121205
1121206
1121207
1121208
1121209
1121210
1121211
1121212
1121213
1121214
1121215
1121216
1121217
1121218
1121219
1121220
1121221
1121222
1121223
1121224
1121225
1121226
1121227
1121228
1121229
1121230
1121231
1121232
1121233
1121234
1121235
1121236
1121237
1121238
1121239
1121240
1121241
1121242
1121243
1121244
1121245
1121246
1121247
1121248
1121249
1121250
1121251
1121252
1121253
1121254
1121255
1121256
1121257
1121258
1121259
1121260
1121261
1121262
1121263
1121264
1121265
1121266
1121267
1121268
1121269
1121270
1121271
1121272
1121273
1121274
1121275
1121276
1121277
1121278
1121279
1121280
1121281
1121282
1121283
1121284
1121285
1121286
1121287
1121288
1121289
1121290
1121291
1121292
1121293
1121294
1121295
1121296
1121297
1121298
1121299
1121300
1121301
1121302
1121303
1121304
1121305
1121306
1121307
1121308
1121309
1121310
1121311
1121312
1121313
1121314
1121315
1121316
1121317
1121318
1121319
1121320
1121321
1121322
1121323
1121324
1121325
1121326
1121327
1121328
1121329
1121330
1121331
1121332
1121333
1121334
1121335
1121336
1121337
1121338
1121339
1121340
1121341
1121342
1121343
1121344
1121345
1121346
1121347
1121348
1121349
1121350
1121351
1121352
1121353
1121354
1121355
1121356
1121357
1121358
1121359
1121360
1121361
1121362
1121363
1121364
1121365
1121366
1121367
1121368
1121369
1121370
1121371
1121372
1121373
1121374
1121375
1121376
1121377
1121378
1121379
1121380
1121381
1121382
1121383
1121384
1121385
1121386
1121387
1121388
1121389
1121390
1121391
1121392
1121393
1121394
1121395
1121396
1121397
1121398
1121399
1121400
1121401
1121402
1121403
1121404
1121405
1121406
1121407
1121408
1121409
1121410
1121411
1121412
1121413
1121414
1121415
1121416
1121417
1121418
1121419
1121420
1121421
1121422
1121423
1121424
1121425
1121426
1121427
1121428
1121429
1121430
1121431
1121432
1121433
1121434
1121435
1121436
1121437
1121438
1121439
1122785
1123553
1123554
1123555
1123556
1123588
1123610
1123611
1123612
1123613
1123614
1126829
1130276
1130277
1130439
1135227
1135236
1135239
1135240
1135241
1135242
1135243
1135244
1135245
1135246
1135247
1135248
1135249
1136931
1137349
1150394
1153818
1153822
1153823
1153824
1153826
1153867
1153943
1153944
1153973
1170586
1170592
1170633
1170634
1170635
1171786
1171873
1171874
1173543
1174251
1174252
1174253
1174254
1174255
1174256
1174257
1179338
1179339
1179340
1179341
1179342
1179343
1179356
1181267
