1006986
1006993
1040859
1077476
1077483
1077490
1077497
1077504
1077511
1077518
1077525
1077532
1077539
1077546
1077553
1077560
1077567
1077574
1077581
1077588
1077595
1077602
1077609
1077616
1077623
1077630
1077637
1077644
1077651
1077658
1077665
1077672
1077679
1077686
1077693
1077700
1077707
1077714
1077721
1077728
1077735
1077742
1077749
1077756
1077763
1077770
1077777
1077784
1077791
1077798
1077805
1077812
1077819
1077826
1077833
1077840
1077847
1077854
1077861
1077868
1077875
1077882
1077889
1077896
1077903
1077910
1077917
1077924
1077931
1077938
1077945
1077952
1077959
1077966
1077973
1077980
1077987
1077994
1078001
1078008
1078015
1078022
1078029
1078036
1078043
1078050
1078057
1078064
1078071
1078078
1078085
1078092
1078099
1078106
1078113
1078120
1078127
1078134
1078141
1078148
1078155
1078162
1078169
1078176
1078183
1078190
1078197
1078204
1078211
1078218
1078225
1078232
1078239
1078246
1078253
1078260
1078267
1078274
1078281
1078288
1078295
1078302
1078309
1078316
1078323
1078330
1078337
1078344
1078351
1078358
1078365
1078372
1078379
1078386
1078393
1078400
1078407
1078414
1078421
1078428
1078435
1078442
1078449
1078456
1078463
1078470
1078477
1078484
1078491
1078498
1078505
1078512
1078519
1078526
1078533
1078540
1078547
1078554
1078561
1078568
1078575
1078582
1078589
1078596
1078603
1078610
1078617
1078624
1078631
1078638
1078645
1078652
1078659
1078666
1078673
1078680
1078687
1078694
1078701
1078708
1078715
1078722
1078729
1078736
1078743
1078750
1078757
1078764
1078771
1078778
1078785
1078792
1078799
1078806
1078813
1078820
1078827
1078834
1078841
1078848
1078855
1078862
1078869
1078876
1078883
1078890
1078897
1078904
1078911
1078918
1078925
1078932
1078939
1078946
1078953
1078960
1078967
1078974
1078981
1078988
1078995
1079002
1079009
1079016
1079023
1079030
1079037
1079044
1079051
1079058
1079065
1079072
1079079
1079086
1079093
1079100
1079107
1079114
1079121
1079128
1079135
1079142
1079149
1079156
1079163
1079170
1079177
1079184
1079191
1079198
1079205
1079212
1079219
1079226
1079233
1079240
1079247
1079254
1079261
1079268
1079275
1079282
1079289
1079296
1079303
1079310
1079317
1079324
1079331
1079338
1079345
1079352
1079359
1079366
1079373
1079380
1079387
1079394
1079401
1079408
1079415
1079422
1079429
1079436
1079443
1079450
1079457
1079464
1079471
1079478
1079485
1079492
1079499
1079506
1079513
1079520
1079527
1079534
1079541
1079548
1079555
1079562
1079569
1079576
1079583
1079590
1079597
1079604
1079611
1079618
1079625
1079632
1079639
1079646
1079653
1079660
1079667
1079674
1079681
1079688
1079695
1079702
1079709
1079716
1079723
1079730
1079737
1079744
1079751
1079758
1079765
1079772
1079779
1079786
1079793
1079800
1079807
1079814
1079821
1079828
1079835
1079842
1079849
1079856
1079863
1079870
1079877
1079884
1079891
1079898
1079905
1079912
1079919
1079926
1079933
1079940
1079947
1079954
1079961
1079968
1079975
1079982
1079989
1079996
1080003
1080010
1080017
1080024
1080031
1080038
1080045
1080052
1080059
1080066
1080073
1080080
1080087
1080094
1080101
1080108
1080115
1080122
1080129
1080136
1080143
1080150
1080157
1080164
1080171
1080178
1080185
1080192
1080199
1080206
1080213
1080220
1080227
1080234
1080241
1080248
1080255
1080262
1080269
1080276
1080283
1080290
1080297
1080304
1080311
1080318
1080325
1080332
1080339
1080346
1080353
1080360
1080367
1080374
1080381
1080388
1080395
1080402
1080409
1080416
1080423
1080430
1080437
1080444
1080451
1080458
1080465
1080472
1080479
1080486
1080493
1080500
1080507
1080514
1080521
1080528
1080535
1099382
1099403
1099404
1099405
1099406
1099407
1118306
1118965
1119761
1122767
1151105
1155934
1188942
