1006979
1080542
1080549
1080556
1080563
1080570
1080577
1080584
1080591
1080598
1080605
1080612
1080619
1080626
1080633
1080640
1080647
1080654
1080661
1080668
1080675
1080682
1080689
1080696
1080703
1080710
1080717
1080724
1080731
1080738
1080745
1080752
1080759
1080766
1080773
1080780
1080787
1080794
1080801
1080808
1080815
1080822
1080829
1080836
1080843
1080850
1080857
1080864
1080871
1080878
1080885
1080892
1080899
1080906
1080913
1080920
1080927
1080934
1080941
1080948
1080955
1080962
1080969
1080976
1080983
1080990
1080997
1081004
1081011
1081018
1081025
1081032
1081039
1081046
1081053
1081060
1081067
1081074
1081081
1081088
1081095
1081102
1081109
1081116
1081123
1081130
1081137
1081144
1081151
1081158
1081165
1081172
1081179
1081186
1081193
1081200
1081207
1081214
1081221
1081228
1081235
1081242
1081249
1081256
1081263
1081270
1081277
1081284
1081291
1081298
1081305
1081312
1081319
1081326
1081333
1081340
1081347
1081354
1081361
1081368
1081375
1081382
1081389
1081396
1081403
1081410
1081417
1081424
1081431
1081438
1081445
1081452
1081459
1081466
1081473
1081480
1081487
1081494
1081501
1081508
1081515
1081522
1081529
1081536
1081543
1081550
1081557
1081564
1081571
1081578
1081585
1081592
1081599
1081606
1081613
1081620
1081627
1081634
1081641
1081648
1081655
1081662
1081669
1081676
1081683
1081690
1081697
1081704
1081711
1081718
1081725
1081732
1081739
1081746
1081753
1081760
1081767
1081774
1081781
1081788
1081795
1081802
1081809
1081816
1081823
1081830
1081837
1081844
1081851
1081858
1081865
1081872
1081879
1081886
1081893
1081900
1081907
1081914
1081921
1081928
1081935
1081942
1081949
1081956
1081963
1081970
1081977
1081984
1081991
1081998
1082005
1082012
1082019
1082026
1082033
1082040
1082047
1082054
1082061
1082068
1082075
1082082
1082089
1082096
1082103
1082110
1082117
1082124
1082131
1082138
1082145
1082152
1082159
1082166
1082173
1082180
1082187
1082194
1082201
1082208
1082215
1082222
1082229
1082236
1082243
1082250
1082257
1082264
1082271
1082278
1082285
1082292
1082299
1082306
1082313
1082320
1082327
1082334
1082341
1082348
1082355
1082362
1082369
1082376
1082383
1082390
1082397
1082404
1082411
1082418
1082425
1082432
1082439
1082446
1082453
1082460
1082467
1082474
1082481
1082488
1082495
1082502
1082509
1082516
1082523
1082530
1082537
1082544
1082551
1082558
1082565
1082572
1082579
1082586
1082593
1082600
1082607
1082614
1082621
1082628
1082635
1082642
1082649
1082656
1082663
1082670
1082677
1082684
1082691
1082698
1082705
1082712
1082719
1082726
1082733
1082740
1082747
1082754
1082761
1082768
1082775
1082782
1082789
1082796
1082803
1082810
1082817
1082824
1082831
1082838
1082845
1082852
1082859
1082866
1082873
1082880
1082887
1082894
1082901
1082908
1082915
1082922
1082929
1082936
1082943
1082950
1082957
1082964
1082971
1082978
1082985
1082992
1082999
1083006
1083013
1083020
1083027
1083034
1083041
1083048
1083055
1083062
1083069
1083076
1083083
1083090
1083097
1083104
1083111
1083118
1083125
1083132
1083139
1083146
1083153
1083160
1083167
1083174
1083181
1083188
1083195
1083202
1083209
1083216
1083223
1083230
1083237
1083244
1083251
1083258
1083265
1083272
1083279
1083286
1083293
1083300
1083307
1083314
1083321
1083328
1083335
1083342
1083349
1083356
1097502
1117827
1150390
1160215
1160216
1160217
1160218
1160221
