1006328
1006335
1006342
1006349
1006356
1062594
1062601
1062608
1062615
1062622
1062629
1062636
1062643
1062650
1062657
1062664
1062671
1062678
1062685
1062692
1062699
1062706
1062713
1062720
1062727
1062734
1062741
1062748
1062755
1062762
1062769
1062776
1062783
1062790
1062811
1062818
1062825
1062832
1062839
1062846
1062853
1062860
1062867
1062874
1062881
1062888
1062895
1062902
1062909
1062916
1062923
1062930
1062937
1062944
1062951
1062958
1062965
1062972
1062979
1062986
1062993
1063000
1063007
1063014
1063021
1063028
1063035
1063042
1063049
1063056
1063063
1063070
1063077
1063084
1063091
1063098
1063105
1063112
1063119
1063126
1063133
1063140
1063147
1063154
1063161
1063168
1063175
1063182
1092232
1092239
1092463
1093698
1094902
1099028
1099035
1099037
1099038
1099041
1099048
1099049
1099051
1099053
1099059
1099061
1099062
1099065
1099067
1099071
1099072
1099073
1099076
1099082
1099084
1099085
1099086
1099089
1099104
1099110
1099112
1115788
1117847
1118232
1118343
1119283
1120651
1120726
1122195
1122518
1122641
1122642
1152119
1154233
1158504
1160203
1164397
1164660
1171174
1171178
1172295
1172296
1172297
1172298
1172299
1172300
1172301
1172302
1172303
1172304
1173771
