1119436
1119437
1122779
1128327
1130275
1130278
1130279
1130280
1130281
1130282
1132548
1132549
1132550
1132551
1132552
1132553
1132554
1132555
1135235
1137319
1137337
1137338
1137339
1137340
1137341
1137350
1137351
1137356
1151101
1151154
1151208
1151227
1151677
1151678
1151679
1151680
1151681
1151682
1157125
1157219
1160226
1160227
1160418
1160423
1165337
1170637
1170638
1170639
1170640
1170641
1170642
1170871
1170872
1170873
1171075
1171654
1171655
1171656
1171657
1171658
1171659
1171660
1171661
1171662
1171667
1171668
1171669
1171740
1174325
1174326
1174327
1174328
1174329
1174330
1174331
1174445
1174446
1174447
1174448
1174449
1174467
1174468
1174469
1174470
1174471
1174472
1174473
1174474
1174475
1174476
1174477
1174478
1174479
1174480
1174481
1174536
1174537
1174538
1174539
1174540
1174541
1174542
1174543
1174544
1174545
1174546
1174547
1174548
1174549
1174550
1174551
1174552
1174553
1174566
1174567
1174568
1174569
1174570
1174571
1174573
1174574
1174575
1174576
1174577
1174578
1174579
1174580
1174582
1174583
1174584
1174585
1174586
1174587
1174588
1174589
1174590
1174618
1174619
1174626
1174628
1174629
1174630
1174633
1174634
1174635
1174636
1174637
1174638
1174639
1174640
1174641
1174642
