1092435
1093717
1093718
1093719
1093720
1093721
1093722
1093723
1093725
1093728
1093729
1093730
1093731
1093732
1093733
1093734
1093735
1093736
1093737
1093738
1093739
1093740
1093741
1093742
1093743
1093744
1093745
1093746
1093788
1093789
1094191
1094192
1094193
1094500
1094814
1094815
1094816
1094817
1094818
1094819
1094820
1094896
1094900
1094901
1095308
1095309
1096914
1096915
1096916
1097293
1097294
1097409
1097410
1097411
1097412
1097434
1097435
1097441
1097505
1097506
1098477
1098485
1098486
1098487
1098488
1098489
1098490
1098491
1098492
1098493
1098494
1098495
1098496
1098497
1098498
1098499
1098500
1098572
1098579
1098613
1098614
1098789
1098790
1098826
1099029
1099030
1099204
1099207
1099208
1117644
1118295
1118296
1118297
1118383
1118384
1118385
1118468
1118469
1118470
1118508
1118509
1118510
1118511
1118515
1118516
1118560
1118561
1118623
1118624
1118625
1118626
1118645
1118646
1118729
1118952
1119217
1119348
1119349
1119350
1119351
1119352
1119353
1119413
1119632
1119633
1119765
1119778
1120109
1120110
1120111
1120599
1120648
1120649
1120692
1120693
1120725
1120816
1120941
1120942
1121071
1121072
1121446
1121898
1121927
1121928
1121944
1121945
1122205
1122206
1122261
1122263
1122264
1122317
1122318
1122319
1122459
1122462
1122463
1122464
1122465
1122517
1122520
1122521
1122616
1122617
1122618
1122619
1122770
1122771
1122783
1123538
1126086
1126087
1127671
1128878
1128879
1128880
1128881
1128882
1128896
1128907
1132559
1132560
1132561
1132562
1132563
1132564
1132565
1132566
1132567
1132568
1132569
1132570
1132571
1132572
1132573
1132574
1132575
1132576
1132577
1132578
1132579
1132580
1132581
1132582
1132583
1132584
1132585
1132586
1132587
1132588
1132589
1132590
1132591
1132592
1132593
1132594
1132595
1132596
1132597
1132598
1132599
1132600
1132925
1132926
1132927
1135198
1135218
1135259
1136908
1136959
1136960
1136961
1136962
1139009
1140874
1144714
1144715
1144716
1144717
1144718
1144719
1144720
1144721
1145231
1145269
1147995
1147996
1147997
1147998
1147999
1148000
1148001
1148002
1148003
1148004
1148005
1148006
1148007
1148008
1148009
1148010
1148011
1148012
1148013
1148014
1148015
1148016
1148017
1148018
1148019
1148020
1148021
1148022
1148023
1148024
1148025
1148026
1148027
1148028
1148029
1148030
1148031
1148032
1148033
1148034
1148035
1148036
1148037
1148038
1148039
1148040
1148041
1148042
1148043
1148044
1148045
1148046
1148311
1148312
1150538
1150654
1151153
1152143
1152728
1153198
1153202
1153231
1153895
1153919
1153920
1153921
1153954
1154053
1154235
1154237
1155940
1155945
1155957
1155958
1156480
1156482
1157112
1158185
1158186
1158190
1158191
1158192
1158522
1158534
1158536
1158551
1158552
1158553
1158579
1160219
1160225
1160234
1160236
1160237
1160238
1160243
1160247
1160250
1160254
1160255
1160258
1160261
1160266
1160267
1160268
1160280
1160281
1160282
1160283
1160310
1160311
1160330
1160331
1160360
1160361
1160367
1160371
1160372
1160425
1163835
1163842
1163847
1163848
1163849
1164381
1164414
1164420
1164470
1164482
1164494
1164509
1164583
1164669
1164675
1165122
1165138
1165139
1165162
1165178
1165193
1165336
1165342
1165343
1170636
1170666
1170710
1170711
1170852
1170880
1171005
1171020
1171021
1171022
1171023
1171024
1171025
1171042
1171058
1171107
1171113
1171116
1171120
1171122
1171124
1171147
1171160
1171173
1171222
1171231
1171232
1171674
1171675
1171676
1171677
1171678
1171679
1171680
1171681
1171682
1171683
1171684
1171685
1171686
1171687
1171688
1171689
1171690
1171691
1171692
1171693
1171694
1171695
1171696
1171697
1171698
1171699
1171700
1171701
1171702
1171703
1171704
1171705
1171706
1171707
1171708
1171709
1171710
1171711
1171712
1171713
1171714
1171715
1171716
1171717
1171718
1171719
1171720
1171721
1171722
1171838
1171862
1172350
1173595
1173724
1173880
1173881
1173882
1173898
1173904
1173920
1174008
1174009
1174010
1174011
1174012
1174013
1174014
1174015
1174016
1174017
1174018
1174019
1174020
1174021
1174022
1174023
1174024
1174025
1174026
1174027
1174028
1174029
1174030
1174031
1174032
1174033
1174034
1174035
1174036
1174037
1174038
1174039
1174040
1174041
1174042
1174043
1174044
1174045
1174046
1174047
1174048
1174049
1174050
1174051
1174052
1174053
1174054
1174055
1174056
1174057
1174058
1174059
1174060
1174061
1174062
1174063
1174064
1174065
1174066
1174067
1174068
1174069
1174070
1174071
1174072
1174073
1174074
1174075
1174076
1174077
1174078
1174079
1174080
1174081
1174082
1174083
1174084
1174085
1174086
1174087
1174088
1174089
1174090
1174091
1174092
1174093
1174094
1174095
1174096
1174097
1174098
1174099
1174100
1174101
1174102
1174103
1174104
1174105
1174106
1174107
1174108
1174109
1174110
1174111
1174112
1174113
1174114
1174115
1174116
1174117
1174118
1174119
1174120
1174121
1174122
1174123
1174124
1174125
1174126
1174127
1174128
1174129
1174130
1174131
1174132
1174133
1174134
1174135
1174136
1174137
1174138
1174139
1174140
1174141
1174142
1174143
1174144
1174145
1174146
1174147
1174148
1174149
1174150
1174151
1174152
1174153
1174154
1174155
1174156
1174157
1174158
1174159
1174160
1174161
1174162
1174163
1174164
1174165
1174166
1174167
1174273
1174276
1174278
1174321
1174453
1174454
1174455
1174489
1174490
1174491
1174651
1174652
1174653
1174656
1174659
1174660
1174661
1174662
1174663
1174664
1174665
1174666
1174667
1174668
1174669
1174670
1174804
1174969
1175125
1175129
1176210
1176423
1176424
1177158
1177233
1177299
1177308
1177309
1177310
1177311
1177312
1177313
1177318
1177376
1177398
1177530
1177534
1177535
1177541
1177549
1177585
1177586
1177601
1177605
1177606
1177769
1177770
1177771
1177840
1178258
1178343
1178344
1178729
1178735
1179216
1179245
1179432
1179693
1179817
1180014
1180015
1180126
1180140
1180144
1180145
1180146
1180167
1180181
1180182
1180183
1180186
1180187
1180189
1180190
1180192
1180193
1180307
1180365
1180368
1180392
1180435
1180697
1180728
1180766
1180774
1180775
1180776
1180803
1180945
1180946
1181012
1181054
1181059
1181085
1181088
1181090
1181092
1181094
1181105
1181108
1181109
1181117
