1150644
1150645
1150646
1150647
1150653
1150655
1150656
1150657
1150664
1150665
1150666
1150667
1150668
1150669
1150670
1150671
1150672
1150673
1150674
1150675
1150676
1150677
1150678
1150679
1150680
1150681
1150682
1150683
1150684
1150686
1150687
1150688
1150689
1150691
1150697
1160300
1160302
1160303
1160304
1160305
1164424
1174650
1180121
1180122
1180123
1180124
1180125
1181020
1181021
1181022
1181023
1181025
1181026
1181027
1181028
1181029
1181030
1181031
1181033
1181034
1181035
1181036
1181037
1181038
1181039
1181043
1181044
1181045
1181046
1181047
1181048
1181055
1181056
1181057
1181058
1181060
1181061
1181069
1181070
1181071
1181072
1181073
1181074
1181075
1181076
1181077
1181078
1181079
1181081
1181082
1181083
1181086
1181097
1181098
1181099
1181100
1181101
1181102
1181103
1181104
1181106
1181110
1181111
1181112
1181113
1181114
1181118
1181119
1181120
1181121
1181122
1181129
1181136
1181140
1181141
1181142
1181143
1181145
1181146
1181147
1181148
1181149
1181152
1181154
1181156
1181161
1181168
1181378
1181380
1181442
1183250
1183256
1183257
1183258
1183259
1183260
1183261
1183262
1183263
1183264
1183265
1183266
1183282
1183283
1183284
1183285
1183286
1183287
1183288
1188522
1188523
1188527
1188530
1188531
1188539
1188548
1188561
1188596
1188597
1188598
1188600
1188605
1188608
1188609
1188613
1188868
