1141633
1141634
1141635
1141636
1141637
1141638
1141639
1141640
1141641
1141642
1141643
1141644
1141645
1141646
1141647
1141648
1141649
1141650
1141651
1141652
1141653
1141654
1141655
1141656
1141657
1141658
1141659
1141660
1141661
1141662
1141663
1141664
1141665
1141666
1141667
1141668
1141669
1141670
1141671
1141672
1141673
1141674
1141675
1141676
1141677
1141678
1141679
1141680
1141681
1141682
1141683
1141684
1141685
1141686
1141687
1141688
1141689
1141690
1141691
1141692
1141693
1141694
1141695
1141696
1141697
1141698
1141699
1141700
1141701
1141702
1141703
1141704
1141705
1141706
1141707
1141708
1141709
1141710
1141711
1141712
1141713
1141714
1141715
1141716
1141717
1141718
1141719
1141720
1141721
1141722
1141723
1141724
1141725
1141726
1141727
1141728
1141729
1141730
1141731
1141732
1141733
1141734
1141735
1141736
1141737
1141738
1141739
1141740
1141741
1141742
1141743
1141744
1141745
1141746
1141747
1141748
1141749
1141750
1141751
1141752
1141753
1141754
1141755
1141756
1141757
1141758
1141759
1141760
1141761
1141762
1141763
1141764
1141765
1141766
1141767
1141768
1141769
1141770
1141771
1141772
1141773
1141774
1141775
1141776
1141777
1141778
1141779
1141780
1141781
1141782
1141783
1141784
1141785
1141786
1141787
1141788
1141789
1141790
1141791
1141792
1141793
1141794
1141795
1141796
1141797
1141798
1141799
1141800
1141801
1141802
1141803
1141804
1141805
1141806
1141807
1141808
1141809
1141810
1141811
1141812
1141813
1141814
1141815
1141816
1141817
1141818
1141819
1141820
1141821
1141822
1141823
1141824
1141825
1141826
1141827
1141828
1141829
1141830
1141831
1141832
1141833
1141834
1141835
1141836
1141837
1141838
1141839
1141840
1141841
1141842
1141843
1141844
1141845
1141846
1141847
1141848
1141849
1141850
1141851
1141852
1141853
1141854
1141855
1141856
1141857
1141858
1141859
1141860
1141861
1141862
1141863
1141864
1141865
1141866
1141867
1141868
1141869
1141870
1141871
1141872
1141873
1141874
1141875
1141876
1141877
1141878
1141879
1141880
1141881
1141882
1141883
1141884
1141885
1141886
1141887
1141888
1141889
1141890
1141891
1141892
1141893
1141894
1141895
1141896
1141897
1141898
1141899
1141900
1141901
1141902
1141903
1141904
1141905
1141906
1141907
1141908
1141909
1141910
1141911
1141912
1141913
1141914
1141915
1141916
1141917
1141918
1141919
1141920
1141921
1141922
1141923
1141924
1141925
1141926
1141927
1141928
1141929
1141930
1141931
1141932
1141933
1141934
1141935
1141936
1141937
1141938
1141939
1141940
1141941
1141942
1141943
1141944
1141945
1141946
1141947
1141948
1141949
1141950
1141951
1141952
1141953
1141954
1141955
1141956
1141957
1141958
1141959
1141960
1141961
1141962
1141963
1141964
1141965
1141966
1141967
1141968
1141969
1141970
1141971
1141972
1141973
1141974
1141975
1141976
1141977
1141978
1141979
1141980
1141981
1141982
1141983
1141984
1141985
1141986
1141987
1141988
1141989
1141990
1141991
1141992
1141993
1141994
1141995
1141996
1141997
1141998
1141999
1142000
1142001
1142002
1142003
1142004
1142005
1142006
1142007
1142008
1142009
1142010
1142011
1142012
1142013
1142014
1142015
1142016
1142017
1142018
1142019
1142020
1142021
1142022
1142023
1142024
1142025
1142026
1142027
1142028
1142029
1142030
1142031
1142032
1142033
1142034
1142035
1142036
1142037
1142038
1142039
1142040
1142041
1142042
1142043
1142044
1142045
1142046
1142047
1142048
1142049
1142050
1142051
1142052
1142053
1142054
1142055
1142056
1142057
1142058
1142059
1142060
1142061
1142062
1142063
1142064
1142065
1142066
1142067
1142068
1142069
1142070
1142071
1142072
1142073
1142074
1142075
1142076
1142077
1142078
1142079
1142080
1142081
1142082
1142083
1142084
1142085
1142086
1142087
1142088
1142089
1142090
1142091
1142092
1142093
1142094
1142095
1142096
1142097
1142098
1142099
1142100
1142101
1142102
1142103
1142104
1142105
1142106
1142107
1142108
1142109
1142110
1142111
1142112
1142113
1142114
1142115
1142116
1142117
1142118
1142119
1142120
1142121
1142122
1142123
1142124
1142125
1142126
1142127
1142128
1142129
1142130
1142131
1142132
1142133
1142134
1142135
1142136
1142137
1142138
1142139
1142140
1142141
1142142
1142143
1142144
1142145
1142146
1142147
1142148
1142149
1142150
1142151
1142152
1142153
1142154
1142155
1142156
1142157
1142158
1142159
1142160
1142161
1142162
1142163
1142164
1142165
1142166
1142167
1142168
1142169
1142170
1142171
1142172
1142173
1142174
1142175
1142176
1142177
1142178
1142179
1142180
1142181
1142182
1142183
1142184
1142185
1142186
1142187
1142188
1142189
1142190
1142191
1142192
1142193
1142194
1142195
1142196
1142197
1142198
1142199
1142200
1142201
1142202
1142203
1142204
1142205
1142206
1142207
1142208
1142209
1142210
1142211
1142212
1142213
1142214
1142215
1142216
1142217
1142218
1142219
1142220
1142221
1142222
1142223
1142224
1142225
1142226
1142227
1142228
1142229
1142230
1142231
1142232
1142233
1142234
1142235
1142236
1142237
1142238
1142239
1142240
1142241
1142242
1142243
1142244
1142245
1142246
1142247
1142248
1142249
1142250
1142251
1142252
1142253
1142254
1142255
1142256
1142257
1142258
1142259
1142260
1142261
1142262
1142263
1142264
1142265
1142266
1142267
1142268
1142269
1142270
1142271
1142272
1142273
1142274
1142275
1142276
1142277
1142278
1142279
1142280
1142281
1142282
1142283
1142284
1142285
1142286
1142287
1142288
1142289
1142290
1142291
1142292
1142293
1142294
1142295
1142296
1142297
1142298
1142299
1142300
1142301
1142302
1142303
1142304
1142305
1142306
1142307
1142308
1142309
1142310
1142311
1142312
1142313
1142314
1142315
1142316
1142317
1142318
1142319
1142320
1142321
1142322
1142323
1142324
1142325
1142326
1142327
1142328
1142329
1142330
1142331
1142332
1142333
1142334
1142335
1142336
1142337
1142338
1142339
1142340
1142341
1142342
1142343
1142344
1142345
1142346
1142347
1142348
1142349
1142350
1142351
1142352
1142353
1142354
1142355
1142356
1142357
1142358
1142359
1142360
1142361
1142362
1142363
1142364
1142365
1142366
1142367
1142368
1142369
1142370
1142371
1142372
1142373
1142374
1142375
1142376
1142377
1142378
1142379
1142380
1142381
1142382
1142383
1142384
1142385
1142386
1142387
1142388
1142389
1142390
1142391
1142392
1142393
1142394
1142395
1142396
1142397
1142398
1142399
1142400
1142401
1142402
1142403
1142404
1142405
1142406
1142407
1142408
1142409
1142410
1142411
1142412
1142413
1142414
1142415
1142416
1142417
1142418
1142419
1142420
1142421
1142422
1142423
1142424
1142425
1142426
1142427
1142428
1142429
1142430
1142431
1142432
1142433
1142434
1142435
1142436
1142437
1142438
1142439
1142440
1142441
1142442
1142443
1142444
1142445
1142446
1142447
1142448
1142449
1142450
1142451
1142452
1142453
1142454
1142455
1142456
1142457
1142458
1142459
1142460
1142461
1142462
1142463
1142464
1142465
1142466
1142467
1142468
1142469
1142470
1142471
1142472
1142473
1142474
1142475
1142476
1142477
1142478
1142479
1142480
1142481
1142482
1142483
1142484
1142485
1142486
1142487
1142488
1142489
1142490
1142491
1142492
1142493
1142494
1142495
1142496
1142497
1142498
1142499
1142500
1142501
1142502
1142503
1142504
1142505
1142506
1142507
1142508
1142509
1142510
1142511
1142512
1142513
1142514
1142515
1142516
1142517
1142518
1142519
1142520
1142521
1142522
1142523
1142524
1142525
1142526
1142527
1142528
1142529
1142530
1142531
1142532
1142533
1142534
1142535
1142536
1142537
1142538
1142539
1142540
1142541
1142542
1142543
1142544
1142545
1142546
1142547
1142548
1142549
1142550
1142551
1142552
1142553
1142554
1142555
1142556
1142557
1142558
1142559
1142560
1142561
1142562
1142563
1142564
1142565
1142566
1142567
1142568
1142569
1142570
1142571
1142572
1142573
1142574
1142575
1142576
1142577
1142578
1142579
1142580
1142581
1142582
1142583
1142584
1142585
1142586
1142587
1142588
1142589
1142590
1142591
1142592
1142593
1142594
1142595
1142596
1142597
1142598
1142599
1142600
1142601
1142602
1142603
1142604
1142605
1142606
1142607
1142608
1142609
1142610
1142611
1142612
1142613
1142614
1142615
1142616
1142617
1142618
1142619
1142620
1142621
1142622
1142623
1142624
1142625
1142626
1142627
1142628
1142629
1142630
1142631
1142632
1142633
1142634
1142635
1142636
1142637
1142638
1142639
1142640
1142641
1142642
1142643
1142644
1142645
1142646
1142647
1142648
1142649
1142650
1142651
1142652
1142653
1142654
1142655
1142656
1142657
1142658
1142659
1142660
1142661
1142662
1142663
1142664
1142665
1142666
1142667
1142668
1142669
1142670
1142671
1142672
1142673
1142674
1142675
1142676
1142677
1142678
1142679
1142680
1142681
1142682
1142683
1142684
1142685
1142686
1142687
1142688
1142689
1142690
1142691
1142692
1142693
1142694
1142695
1142696
1142697
1142698
1142699
1142700
1142701
1142702
1142703
1142704
1142705
1142706
1142707
1142708
1142709
1142710
1142711
1142712
1142713
1142714
1142715
1142716
1142717
1142718
1142719
1142720
1142721
1142722
1142723
1142724
1142725
1142726
1142727
1142728
1142729
1142730
1142731
1142732
1142733
1142734
1142735
1142736
1142737
1142738
1142739
1142740
1142741
1142742
1142743
1142744
1142745
1142746
1142747
1142748
1142749
1142750
1142751
1142752
1142753
1142754
1142755
1142756
1142757
1142758
1142759
1142760
1142761
1142762
1142763
1142764
1142765
1142766
1142767
1142768
1142769
1142770
1142771
1142772
1142773
1142774
1142775
1142776
1142777
1142778
1142779
1142780
1142781
1142782
1142783
1142784
1142785
1142786
1142787
1142788
1142789
1142790
1142791
1142792
1142793
1142794
1142795
1142796
1142797
1142798
1142799
1142800
1142801
1142802
1142803
1142804
1142805
1142806
1142807
1142808
1142809
1142810
1142811
1142812
1142813
1142814
1142815
1142816
1142817
1142818
1142819
1142820
1142821
1142822
1142823
1142824
1142825
1142826
1142827
1142828
1142829
1142830
1142831
1142832
1142833
1142834
1142835
1142836
1142837
1142838
1142839
1142840
1142841
1142842
1142843
1142844
1142845
1142846
1142847
1142848
1142849
1142850
1142851
1142852
1142853
1142854
1142855
1142856
1142857
1142858
1142859
1142860
1142861
1142862
1142863
1142864
1142865
1142866
1142867
1142868
1142869
1142870
1142871
1142872
1142873
1142874
1142875
1142876
1142877
1142878
1142879
1142880
1142881
1142882
1142883
1142884
1142885
1142886
1142887
1142888
1142889
1142890
1142891
1142892
1142893
1142894
1142895
1142896
1142897
1142898
1142899
1142900
1142901
1142902
1142903
1142904
1142905
1142906
1142907
1142908
1142909
1142910
1142911
1142912
1142913
1142914
1142915
1142916
1142917
1142918
1142919
1142920
1142921
1142922
1142923
1142924
1142925
1142926
1142927
1142928
1142929
1142930
1142931
1142932
1142933
1142934
1142935
1142936
1142937
1142938
1142939
1142940
1142941
1142942
1142943
1142944
1142945
1142946
1142947
1142948
1142949
1142950
1142951
1142952
1142953
1142954
1142955
1142956
1142957
1142958
1142959
1142960
1142961
1142962
1142963
1142964
1142965
1142966
1142967
1142968
1142969
1142970
1142971
1142972
1142973
1142974
1142975
1142976
1142977
1142978
1142979
1142980
1142981
1142982
1142983
1142984
1142985
1142986
1142987
1142988
1142989
1142990
1142991
1142992
1142993
1142994
1142995
1142996
1142997
1142998
1142999
1143000
1143001
1143002
1143003
1143004
1143005
1143006
1143007
1143008
1143009
1143010
1143011
1143012
1143013
1143014
1143015
1143016
1143017
1143018
1143019
1143020
1143021
1143022
1143023
1143024
1143025
1143026
1143027
1143028
1143029
1143030
1143031
1143032
1143033
1143034
1143035
1143036
1143037
1143038
1143039
1143040
1143041
1143042
1143043
1143044
1143045
1143046
1143047
1143048
1143049
1143050
1143051
1143052
1143053
1143054
1143055
1143056
1143057
1143058
1143059
1143060
1143061
1143062
1143063
1143064
1143065
1143066
1143067
1143068
1143069
1143070
1143071
1143072
1143073
1143074
1143075
1143076
1143077
1143078
1143079
1143080
1143081
1143082
1143083
1143084
1143085
1143086
1143087
1143088
1143089
1143090
1143091
1143092
1143093
1143094
1143095
1143096
1143097
1143098
1143099
1143100
1143101
1143102
1143103
1143104
1143105
1143106
1143107
1143108
1143109
1143110
1143111
1143112
1143113
1143114
1143115
1143116
1143117
1143118
1143119
1143120
1143121
1143122
1143123
1143124
1143125
1143126
1143127
1143128
1143129
1143130
1143131
1143132
1143133
1143134
1143135
1143136
1143137
1143138
1143139
1143140
1143141
1143142
1143143
1143144
1143145
1143146
1143147
1143148
1143149
1143150
1143151
1143152
1143153
1143154
1143155
1143156
1143157
1143158
1143159
1143160
1143161
1143162
1143163
1143164
1143165
1143166
1143167
1143168
1143169
1143170
1143171
1143172
1143173
1143174
1143175
1143176
1143177
1143178
1143179
1143180
1143181
1143182
1143183
1143184
1143185
1143186
1143187
1143188
1143189
1143190
1143191
1143192
1143193
1143194
1143195
1143196
1143197
1143198
1143199
1143200
1143201
1143202
1143203
1143204
1143205
1143206
1143207
1143208
1143209
1143210
1143211
1143212
1143213
1143214
1143215
1143216
1143217
1143218
1143219
1143220
1143221
1143222
1143223
1143224
1143225
1143226
1143227
1143228
1143229
1143230
1143231
1143232
1143233
1143234
1143235
1143236
1143237
1143238
1143239
1143240
1143241
1143242
1143243
1143244
1143245
1143246
1143247
1143248
1143249
1143250
1143251
1143252
1143253
1143254
1143255
1143256
1143257
1143258
1143259
1143260
1143261
1143262
1143263
1143264
1143265
1143266
1143267
1143268
1143269
1143270
1143271
1143272
1143273
1143274
1143275
1143276
1143277
1143278
1143279
1143280
1143281
1143282
1143283
1143284
1143285
1143286
1143287
1143288
1143289
1143290
1143291
1143292
1143293
1143294
1143295
1143296
1143297
1143298
1143299
1143300
1143301
1143302
1143303
1143304
1143305
1143306
1143307
1143308
1143309
1143310
1143311
1143312
1143313
1143314
1143315
1143316
1143317
1143318
1143319
1143320
1143321
1143322
1143323
1143324
1143325
1143326
1143327
1143328
1143329
1143330
1143331
1143332
1143333
1143334
1143335
1143336
1143337
1143338
1143339
1143340
1143341
1143342
1143343
1143344
1143345
1143346
1143347
1143348
1143349
1143350
1143351
1143352
1143353
1143354
1143355
1143356
1143357
1143358
1143359
1143360
1143361
1143362
1143363
1143364
1143365
1143366
1143367
1143368
1143369
1143370
1143371
1143372
1143373
1143374
1143375
1143376
1143377
1143378
1143379
1143380
1143381
1143382
1143383
1143384
1143385
1143386
1143387
1143388
1143389
1143390
1143391
1143392
1143393
1143394
1143395
1143396
1143397
1143398
1143399
1143400
1143401
1143402
1143403
1143404
1143405
1143406
1143407
1143408
1143409
1143410
1143411
1143412
1143413
1143414
1143415
1143416
1143417
1143418
1143419
1143420
1143421
1143422
1143423
1143424
1143425
1143426
1143427
1143428
1143429
1143430
1143431
1143432
1143433
1143434
1143435
1143436
1143437
1143438
1143439
1143440
1143441
1143442
1143443
1143444
1143445
1143446
1143447
1143448
1143449
1143450
1143451
1143452
1143453
1143454
1143455
1143456
1143457
1143458
1143459
1143460
1143461
1143462
1143463
1143464
1143465
1143466
1143467
1143468
1143469
1143470
1143471
1143472
1143473
1143474
1143475
1143476
1143477
1143478
1143479
1143480
1143481
1143482
1143483
1143484
1143485
1143486
1143487
1143488
1143489
1143490
1143491
1143492
1143493
1143494
1143495
1143496
1143497
1143498
1143499
1143500
1143501
1143502
1143503
1143504
1143505
1143506
1143507
1143508
1143509
1143510
1143511
1143512
1143513
1143514
1143515
1143516
1143517
1143518
1143519
1143520
1143521
1143522
1143523
1143524
1143525
1143526
1143527
1143528
1143529
1143530
1143531
1143532
1143533
1143534
1143535
1143536
1143537
1143538
1143539
1143540
1143541
1143542
1143543
1143544
1143545
1143546
1143547
1143548
1143549
1143550
1143551
1143552
1143553
1143554
1143555
1143556
1143557
1143558
1143559
1143560
1143561
1143562
1143563
1143564
1143565
1143566
1143567
1143568
1143569
1143570
1143571
1143572
1143573
1143574
1143575
1143576
1143577
1143578
1143579
1143580
1143581
1143582
1143583
1143584
1143585
1143586
1143587
1143588
1143589
1143590
1143591
1143592
1143593
1143594
1143595
1143596
1143597
1143598
1143599
1143600
1143601
1143602
1143603
1143604
1143605
1143606
1143607
1143608
1143609
1143610
1143611
1143612
1143613
1143614
1143615
1143616
1143617
1143618
1143619
1143620
1143621
1143622
1143623
1143624
1143625
1143626
1143627
1143628
1143629
1143630
1143631
1143632
1143633
1143634
1143635
1143636
1143637
1143638
1143639
1143640
1143641
1143642
1143643
1143644
1143645
1143646
1143647
1143648
1143649
1143650
1143651
1143652
1143653
1143654
1143655
1143656
1143657
1143658
1143659
1143660
1143661
1143662
1143663
1143664
1143665
1143666
1143667
1143668
1143669
1143670
1143671
1143672
1143673
1143674
1143675
1143676
1143677
1143678
1143679
1143680
1143681
1143682
1143683
1143684
1143685
1143686
1143687
1143688
1143689
1143690
1143691
1143692
1143693
1143694
1143695
1143696
1143697
1143698
1143699
1143700
1143701
1143702
1143703
1143704
1143705
1143706
1143707
1143708
1143709
1143710
1143711
1143712
1143713
1143714
1143715
1143716
1143717
1143718
1143719
1143720
1143721
1143722
1143723
1143724
1143725
1143726
1143727
1143728
1143729
1143730
1143731
1143732
1143733
1143734
1143735
1143736
1143737
1143738
1143739
1143740
1143741
1143742
1143743
1143744
1143745
1143746
1143747
1143748
1143749
1143750
1143751
1143752
1143753
1143754
1143755
1143756
1143757
1143758
1143759
1143760
1143761
1143762
1143763
1143764
1143765
1143766
1143767
1143768
1143769
1143770
1143771
1143772
1143773
1143774
1143775
1143776
1143777
1143778
1143779
1143780
1143781
1143782
1143783
1143784
1143785
1143786
1143787
1143788
1143789
1143790
1143791
1143792
1143793
1143794
1143795
1143796
1143797
1143798
1143799
1143800
1143801
1143802
1143803
1143804
1143805
1143806
1143807
1143808
1143809
1143810
1143811
1143812
1143813
1143814
1143815
1143816
1143817
1143818
1143819
1143820
1143821
1143822
1143823
1143824
1143825
1143826
1143827
1143828
1143829
1143830
1143831
1143832
1143833
1143834
1143835
1143836
1143837
1143838
1143839
1143840
1143841
1143842
1143843
1143844
1143845
1143846
1143847
1143848
1143849
1143850
1143851
1143852
1143853
1143854
1143855
1143856
1143857
1143858
1143859
1143860
1143861
1143862
1143863
1143864
1143865
1143866
1143867
1143868
1143869
1143870
1143871
1143872
1143873
1143874
1143875
1143876
1143877
1143878
1143879
1143880
1143881
1143882
1143883
1143884
1143885
1143886
1143887
1143888
1143889
1143890
1143891
1143892
1143893
1143894
1143895
1143896
1143897
1143898
1143899
1143900
1143901
1143902
1143903
1143904
1143905
1143906
1143907
1143908
1143909
1143910
1143911
1143912
1143913
1143914
1143915
1143916
1143917
1143918
1143919
1143920
1143921
1143922
1143923
1143924
1143925
1143926
1143927
1143928
1143929
1143930
1143931
1143932
1143933
1143934
1143935
1143936
1143937
1143938
1143939
1143940
1143941
1143942
1143943
1143944
1143945
1143946
1143947
1143948
1143949
1143950
1143951
1143952
1143953
1143954
1143955
1143956
1143957
1143958
1143959
1143960
1143961
1143962
1143963
1143964
1143965
1143966
1143967
1143968
1143969
1143970
1143971
1143972
1143973
1143974
1143975
1143976
1143977
1143978
1143979
1143980
1143981
1143982
1143983
1143984
1143985
1143986
1143987
1143988
1143989
1143990
1143991
1143992
1143993
1143994
1143995
1143996
1143997
1143998
1143999
1144000
1144001
1144002
1144003
1144004
1144005
1144006
1144007
1144008
1144009
1144010
1144011
1144012
1144013
1144014
1144015
1144016
1144017
1144018
1144019
1144020
1144021
1144022
1144023
1144024
1144025
1144026
1144027
1144028
1144029
1144030
1144031
1144032
1144033
1144034
1144035
1144036
1144037
1144038
1144039
1144040
1144041
1144042
1144043
1144044
1144045
1144046
1144047
1144048
1144049
1144050
1144051
1144052
1144053
1144054
1144055
1144056
1144057
1144058
1144059
1144060
1144061
1144062
1144063
1144064
1144065
1144066
1144067
1144068
1144069
1144070
1144071
1144072
1144073
1144074
1144075
1144076
1144077
1144078
1144079
1144080
1144081
1144082
1144083
1144084
1144085
1144086
1144087
1144088
1144089
1144090
1144091
1144092
1144093
1144094
1144095
1144096
1144097
1144098
1144099
1144100
1144101
1144102
1144103
1144104
1144105
1144106
1144107
1144108
1144109
1144110
1144111
1144112
1144113
1144114
1144115
1144116
1144117
1144118
1144119
1144120
1144121
1144122
1144123
1144124
1144125
1144126
1144127
1144128
1144129
1144130
1144131
1144132
1144133
1144134
1144135
1144136
1144137
1144138
1144139
1144140
1144141
1144142
1144143
1144144
1144145
1144146
1144147
1144148
1144149
1144150
1144151
1144152
1144153
1144154
1144155
1144156
1144157
1144158
1144159
1144160
1144161
1144162
1144163
1144164
1144165
1144166
1144167
1144168
1144169
1144170
1144171
1144172
1144173
1144174
1144175
1144176
1144177
1144178
1144179
1144180
1144181
1144182
1144183
1144184
1144185
1144186
1144187
1144188
1144189
1144190
1144191
1144192
1144193
1144194
1144195
1144196
1144197
1144198
1144199
1144200
1144201
1144202
1144203
1144204
1144205
1144206
1144207
1144208
1144209
1144210
1144211
1144212
1144213
1144214
1144215
1144216
1144217
1144218
1144219
1144220
1144221
1144222
1144223
1144224
1144225
1144226
1144227
1144228
1144229
1144230
1144231
1144232
1144233
1144234
1144235
1144236
1144237
1144238
1144239
1144240
1144241
1144242
1144243
1144244
1144245
1144246
1144247
1144248
1144249
1144250
1144251
1144252
1144253
1144254
1144255
1144256
1144257
1144258
1144259
1144260
1144261
1144262
1144263
1144264
1144265
1144266
1144267
1144268
1144269
1144270
1144271
1144272
1144273
1144274
1144275
1144276
1144277
1144278
1144279
1144280
1144281
1144282
1144283
1144284
1144285
1144286
1144287
1144288
1144289
1144290
1144291
1144292
1144293
1144294
1144295
1144296
1144297
1144298
1144299
1144300
1144301
1144302
1144303
1144304
1144305
1144306
1144307
1144308
1144309
1144310
1144311
1144312
1144313
1144314
1144315
1144316
1144317
1144318
1144319
1144320
1144321
1144322
1144323
1144324
1144325
1144326
1144327
1144328
1144329
1144330
1144331
1144332
1144333
1144334
1144335
1144336
1144337
1144338
1144339
1144340
1144341
1144342
1144343
1144344
1144345
1144346
1144347
1144348
1144349
1144350
1144351
1144352
1144353
1144354
1144355
1144356
1144357
1144358
1144359
1144360
1144361
1144362
1144363
1144364
1144365
1144366
1144367
1144368
1144369
1144370
1144371
1144372
1144373
1144374
1144375
1144376
1144377
1144378
1144379
1144380
1144381
1144382
1144383
1144384
1144385
1144386
1144387
1144388
1144389
1144390
1144391
1144392
1144393
1144394
1144395
1144396
1144397
1144398
1144399
1144400
1144401
1144402
1144403
1144404
1144405
1144406
1144407
1144408
1144409
1144410
1144411
1144412
1144413
1144414
1144415
1144416
1144417
1144418
1144419
1144420
1144421
1144422
1144423
1144424
1144425
1144426
1144427
1144428
1144429
1144430
1144431
1144432
1144433
1144434
1144435
1144436
1144437
1144438
1144439
1144440
1144441
1144442
1144443
1144444
1144445
1144446
1144447
1144448
1144449
1144450
1144451
1144452
1144453
1144454
1144455
1144456
1144457
1144458
1144459
1144460
1144461
1144462
1144463
1144464
1144465
1144466
1144467
1144468
1144469
1144470
1144471
1144472
1144473
1144474
1144475
1144476
1144477
1144478
1144479
1144480
1144481
1144482
1144483
1144484
1144485
1144486
1144487
1144488
1144489
1144490
1144491
1144492
1144493
1144494
1144495
1144496
1144497
1144498
1144499
1144500
1144501
1144502
1144503
1144504
1144505
1144506
1144507
1144508
1144509
1144510
1144511
1144512
1144513
1144514
1144515
1144516
1144517
1144518
1144519
1144520
1144521
1144522
1144523
1144524
1144525
1144526
1144527
1144528
1144529
1144530
1144531
1144532
1144533
1144534
1144535
1144536
1144537
1144538
1144539
1144540
1144541
1144542
1144543
1144544
1144545
1144546
1144547
1144548
1144549
1144550
1144551
1144552
1144553
1144554
1144555
1144556
1144557
1144558
1144559
1144560
1144561
1144562
1144563
1144564
1144565
1144566
1144567
1144568
1144569
1144570
1144571
1144572
1144573
1144574
1144575
1144576
1144577
1144578
1144579
1144580
1144581
1144582
1144583
1144584
1144585
1144586
1144587
1144588
1144589
1144590
1144591
1144592
1144593
1144594
1144595
1144596
1144597
1144598
1144599
1144600
1144601
1144602
1144603
1144604
1144605
1144606
1144607
1144608
1144609
1144610
1144611
1144612
1144613
1144614
1183406
1183407
1183408
1183409
1183410
1183411
1183412
1183413
1183414
1183422
1183423
