1005978
1040866
1045136
1045143
1045150
1045157
1045164
1045171
1045178
1045185
1045192
1045199
1045206
1045213
1045220
1045234
1045241
1045248
1045255
1045262
1045269
1045276
1045283
1045290
1045297
1045304
1045311
1045318
1045325
1045332
1045339
1045346
1045353
1045360
1045367
1045374
1045381
1045388
1045395
1045402
1045409
1045416
1045423
1045430
1045437
1045444
1045451
1045458
1045465
1045472
1045479
1045486
1045493
1045500
1045507
1045514
1045521
1045528
1045535
1045542
1045549
1045556
1045563
1045570
1045577
1045584
1045591
1045598
1045605
1045612
1045626
1045633
1045640
1045647
1045654
1045661
1045668
1045675
1045682
1045689
1045696
1045703
1045717
1045724
1045731
1045738
1045745
1045759
1045766
1045773
1045780
1045787
1045794
1045801
1045808
1045815
1045822
1045829
1045836
1045843
1045857
1045864
1045871
1045878
1045885
1045892
1045899
1045906
1045913
1045920
1045927
1045934
1045941
1045948
1045955
1045962
1045969
1045976
1045983
1045990
1045997
1046004
1046011
1046018
1046025
1046032
1046039
1046046
1046053
1046060
1046067
1046074
1046081
1046088
1046095
1046102
1046109
1046116
1046123
1046130
1046137
1046144
1046151
1046158
1046165
1046172
1046179
1046186
1046193
1046200
1046207
1046214
1046221
1046228
1046235
1046242
1046249
1046256
1046263
1046270
1046277
1046284
1046291
1046305
1046312
1046319
1046326
1046333
1046340
1046347
1046354
1046361
1046368
1046375
1046382
1046389
1046396
1046410
1046417
1046424
1046431
1046438
1046445
1046452
1046459
1046466
1046473
1046480
1046487
1046494
1046501
1046508
1046515
1046522
1046529
1046536
1046543
1046550
1046557
1046564
1046571
1046578
1046585
1046592
1046599
1046606
1046613
1046620
1046627
1046634
1046641
1046648
1046655
1046662
1046669
1046676
1046683
1046690
1046697
1046704
1046711
1046718
1046725
1046732
1046739
1046746
1046753
1046760
1046774
1046781
1046788
1046795
1046802
1046809
1046816
1046823
1046830
1046837
1046844
1046851
1046858
1046865
1046872
1046879
1046886
1046893
1046900
1046907
1046914
1046921
1046928
1046935
1046942
1046949
1046956
1046963
1046970
1046977
1046984
1046991
1046998
1047005
1047012
1047019
1047026
1047033
1047040
1047047
1047054
1047061
1047068
1047075
1047082
1047089
1047096
1047103
1047110
1047117
1047124
1047131
1047138
1047145
1047152
1047159
1047166
1047173
1047180
1047187
1047194
1047201
1047208
1047215
1047222
1047229
1047236
1047243
1047250
1047257
1047264
1047271
1047278
1047285
1047292
1047299
1047306
1047313
1047320
1047327
1047334
1047341
1047348
1047355
1047362
1047369
1047376
1118822
1121812
1127628
1127931
