1005936
1049840
1049847
1049854
1049861
1049875
1049882
1049889
1049896
1049903
1049910
1049917
1049924
1049931
1049938
1049945
1049952
1049959
1049966
1049973
1049980
1049987
1049994
1050001
1050008
1050015
1050022
1050029
1050036
1050043
1050050
1050057
1050064
1050071
1050078
1050085
1050092
1050099
1050106
1050113
1050120
1050127
1050134
1050141
1050148
1050155
1050162
1050169
1050176
1050183
1050190
1050197
1050204
1050211
1050218
1050225
1050232
1050239
1050246
1050253
1050260
1050267
1050274
1050281
1050288
1050295
1050302
1050309
1050316
1050323
1050330
1050337
1050344
1050351
1050358
1050365
1050372
1050379
1050386
1050393
1050400
1050407
1050414
1050421
1050428
1050435
1050442
1050449
1050456
1050463
1050470
1050477
1050484
1050491
1050498
1050505
1050512
1050519
1050526
1050533
1050540
1050547
1050554
1050561
1050568
1050575
1050582
1050589
1050596
1050603
1050610
1050617
1050624
1050631
1050638
1050645
1050652
1050659
1050666
1050673
1050680
1050687
1050694
1050701
1050708
1050715
1050722
1050729
1050736
1050743
1050750
1050757
1050764
1050771
1050778
1050785
1050792
1050799
1050806
1050813
1050820
1050827
1050834
1050841
1050848
1050855
1050862
1050869
1050876
1050883
1050890
1050897
1050904
1050911
1050918
1050925
1050932
1050939
1050946
1050953
1050960
1050967
1050974
1050981
1050988
1050995
1051002
1051009
1051016
1051023
1051030
1051037
1051044
1051051
1051058
1051065
1051072
1051079
1051086
1051093
1051100
1051107
1051114
1051121
1051128
1051135
1051142
1051149
1051156
1051163
1051170
1051177
1051184
1051191
1051198
1051205
1051212
1051219
1051226
1051233
1051240
1051247
1051254
1051261
1051268
1051275
1051282
1051289
1051296
1051303
1051310
1051317
1051324
1051331
1051338
1051345
1051352
1051359
1051366
1051373
1051380
1051387
1051394
1051401
1051408
1051415
1051422
1051429
1051436
1051443
1051450
1051457
1051464
1051471
1051478
1051485
1051492
1051499
1051506
1051513
1051520
1051527
1051534
1051541
1051548
1051555
1051562
1051569
1051576
1051583
1051590
1051597
1051604
1051611
1051618
1051625
1051632
1051639
1051646
1051653
1051660
1051667
1051674
1051681
1051688
1051695
1051702
1051709
1051716
1051723
1051730
1051737
1051744
1051751
1051758
1051765
1051772
1051779
1051786
1051793
1051800
1051807
1051814
1051821
1051828
1051835
1051842
1051849
1051856
1051863
1051870
1051877
1051884
1051891
1051898
1051905
1051912
1051919
1051926
1051933
1051940
1051947
1051954
1051961
1051968
1051975
1051982
1051989
1051996
1052003
1052010
1052017
1052024
1052031
1052038
1052045
1052052
1052059
1052066
1052073
1052080
1052087
1052094
1052101
1052108
1052115
1052122
1052129
1052136
1052143
1052150
1052157
1052164
1052171
1052178
1052185
1052192
1052199
1052206
1052213
1052220
1052227
1052234
1052241
1052248
1052255
1052262
1052269
1052276
1052283
1052290
1052297
1052304
1052311
1052318
1052325
1052332
1052339
1052346
1052353
1052360
1052367
1052374
1052381
1052388
1052395
1052402
1052409
1052416
1052423
1052430
1052437
1052444
1052451
1052458
1052465
1052472
1052479
1052486
1052493
1052500
1052507
1052514
1052521
1052528
1052535
1052542
1052549
1052556
1052563
1052570
1052577
1052584
1052591
1052598
1052605
1052612
1052619
1052626
1052633
1052640
1052647
1052654
1052661
1052668
1052675
1052682
1052689
1052696
1052703
1052710
1052717
1052724
1052731
1052738
1052745
1052752
1052759
1052766
1052773
1052780
1052787
1052794
1052801
1052808
1052815
1052822
1052829
1052836
1052843
1052850
1052857
1052864
1052871
1052878
1052885
1052892
1052899
1052906
1052913
1052920
1052927
1052934
1052941
1052948
1052955
1052962
1052969
1052976
1052983
1052990
1052997
1053004
1053011
1053018
1053025
1053032
1053039
1053046
1053053
1053060
1053067
1053074
1053081
1053088
1053095
1053102
1053109
1053116
1053123
1053130
1053137
1053144
1053151
1053158
1053165
1053172
1053179
1053186
1053193
1053200
1053207
1053214
1053221
1053228
1053235
1053242
1053249
1053256
1053263
1053270
1053277
1053284
1053291
1053298
1053305
1053312
1053319
1053326
1053333
1053340
1053347
1053354
1053361
1053368
1053375
1053382
1053389
1053396
1053403
1053410
1053417
1060039
1060046
1060053
1060060
1060067
1060074
1060081
1060088
1060095
1060102
1060109
1060116
1060123
1060130
1060137
1060144
1060151
1060158
1060165
1060172
1060179
1060186
1060193
1060200
1060207
1060214
1060221
1060228
1060235
1060242
1060249
1060256
1060263
1060270
1060277
1060284
1060291
1060298
1060305
1060312
1060319
1060326
1060333
1060340
1060347
1060354
1060361
1060368
1060375
1060382
1060389
1060396
1060403
1060410
1060417
1060424
1060431
1060438
1060445
1060452
1060459
1060466
1060473
1060480
1060487
1060494
1060501
1060508
1060515
1060522
1060529
1060536
1060543
1060550
1060557
1060564
1060571
1060578
1060585
1060592
1060599
1060606
1060613
1060620
1060627
1060634
1060641
1060648
1060655
1060662
1060669
1060676
1060683
1060690
1060697
1060704
1060711
1060718
1060725
1060732
1060739
1060746
1060753
1060760
1060767
1060774
1060781
1060788
1060795
1060802
1060809
1060816
1060823
1060830
1060837
1060844
1060851
1060858
1060865
1060872
1060879
1060886
1060893
1060900
1060907
1060914
1060921
1060928
1060935
1060942
1060949
1060956
1060963
1060970
1060977
1060984
1060991
1060998
1061005
1061012
1061019
1061026
1061033
1061040
1061047
1061054
1061061
1061068
1061075
1061082
1061089
1061096
1061103
1061110
1061117
1061124
1061131
1061138
1061145
1061152
1061159
1061166
1061173
1061180
1061187
1061194
1061201
1061208
1061215
1061222
1061229
1061236
1061243
1061250
1061257
1061264
1061271
1061278
1061285
1061292
1061299
1061306
1061313
1061320
1061327
1061334
1061341
1061348
1061355
1061362
1061369
1061376
1061383
1061390
1061397
1061404
1061411
1061418
1061425
1061432
1061439
1061446
1061453
1061460
1061467
1061474
1061481
1061488
1061495
1061502
1061509
1061516
1061523
1061530
1061537
1061544
1061551
1061558
1061565
1061572
1061579
1061586
1061593
1061600
1061607
1061614
1061621
1061628
1061635
1061642
1061649
1061656
1061663
1061670
1061677
1061684
1061691
1061698
1061705
1061712
1061719
1061726
1061733
1061740
1061747
1061754
1061761
1061768
1061775
1061782
1061789
1061796
1061803
1061810
1061817
1061824
1061831
1061838
1061845
1061852
1061859
1061866
1061873
1061880
1061887
1061894
1061901
1061908
1061915
1061922
1061929
1061936
1061943
1061950
1061957
1061964
1061971
1061978
1061985
1061992
1061999
1062006
1062013
1062020
1062027
1062034
1062041
1062048
1062055
1062062
1062069
1062076
1062083
1062090
1062097
1062104
1062111
1062118
1062125
1062132
1062139
1062146
1062153
1062160
1062167
1062174
1062181
1062188
1062195
1062202
1062209
1062216
1062223
1062230
1062237
1062244
1062251
1062258
1062265
1062272
1062279
1062286
1062293
1062300
1062307
1062314
1062321
1062328
1062335
1062342
1062349
1062356
1062363
1062370
1062377
1062384
1062391
1062398
1062405
1062412
1062419
1062426
1062433
1062440
1062447
1062454
1062461
1062468
1062475
1062482
1062489
1062496
1062503
1062510
1062517
1062524
1062531
1062538
1062545
1062552
1062559
1062566
1062573
1062580
1062587
1063252
1065268
1065275
1065282
1065289
1065296
1065303
1065310
1065317
1065324
1065331
1065338
1065345
1065352
1065359
1065366
1065373
1065380
1065387
1065394
1065401
1065408
1065415
1065422
1065429
1065436
1065443
1065450
1065457
1065464
1066955
1066962
1066969
1066976
1066983
1066990
1066997
1067004
1067011
1067018
1067025
1067032
1067039
1067046
1067053
1067060
1067067
1067074
1067081
1067088
1067095
1067102
1067109
1067116
1067123
1067130
1067137
1067144
1067151
1067158
1067165
1067172
1067179
1067186
1067193
1067200
1067207
1067214
1067221
1067228
1067235
1067242
1067249
1067256
1067263
1067270
1067277
1067284
1067291
1067298
1067305
1067312
1067319
1067326
1067333
1067340
1067347
1067354
1067361
1067368
1067375
1067382
1067389
1067396
1067403
1067410
1067417
1067424
1067431
1067438
1067445
1067452
1067459
1067466
1067473
1067480
1067487
1067494
1067501
1067508
1067515
1067522
1067529
1067536
1067543
1067550
1067557
1067564
1067571
1067578
1067585
1067592
1067599
1067606
1067613
1067620
1067627
1067634
1067641
1067648
1067655
1067662
1067669
1067676
1067683
1067690
1067697
1067704
1067711
1067718
1067725
1067732
1067739
1067746
1067753
1067760
1067767
1067774
1067781
1067788
1067795
1067802
1067809
1067816
1067823
1067830
1067837
1067844
1067851
1067858
1067865
1067872
1067879
1067886
1067893
1067900
1067907
1067914
1067921
1067928
1067935
1067942
1067949
1067956
1067963
1067970
1067977
1067984
1067991
1067998
1068005
1068012
1068019
1068026
1068033
1068040
1068047
1068054
1068061
1068068
1068075
1068082
1068089
1068096
1068103
1068110
1068117
1068124
1068131
1068138
1068145
1068152
1068159
1068166
1068173
1068180
1068187
1068194
1068201
1068208
1068215
1068222
1068229
1068236
1068243
1068250
1068257
1068264
1068271
1068278
1068285
1068292
1068299
1068306
1068313
1068320
1068327
1068334
1068341
1068348
1068355
1068362
1068369
1068376
1068383
1068390
1068397
1068404
1068411
1068418
1068425
1068432
1068439
1068446
1068453
1068460
1068467
1068474
1068481
1068488
1068495
1068502
1068509
1068516
1068523
1068530
1068537
1068544
1068551
1068558
1068572
1068579
1068586
1068593
1068600
1068607
1068614
1068621
1068628
1068635
1068642
1068649
1068656
1068663
1068670
1068677
1068684
1068691
1068698
1068705
1068712
1068719
1068726
1068733
1068740
1068747
1068754
1068761
1068768
1068775
1068782
1068789
1068796
1068803
1068810
1068817
1068824
1068831
1068838
1068845
1068852
1068859
1068866
1068873
1068880
1068887
1068894
1068901
1068908
1068915
1068922
1068929
1068936
1068943
1068950
1068957
1068964
1068971
1068978
1068985
1068992
1068999
1069006
1069013
1069020
1069027
1069034
1069041
1069048
1069055
1069062
1069069
1069076
1069083
1069090
1069097
1069104
1069111
1069118
1069125
1069132
1069139
1069146
1069153
1069160
1086758
1091854
1093716
1094486
1094487
1094490
1094491
1094871
1094874
1094876
1094986
1095306
1097580
1097974
1098290
1098828
1099201
1118268
1118353
1118354
1118481
1118558
1118757
1118823
1119222
1119401
1119402
1119978
1120641
1120759
1120952
1121090
1121095
1121096
1121444
1121468
1121469
1121470
1121471
1121472
1121473
1121474
1121475
1121476
1121477
1121478
1121479
1121480
1121481
1121482
1121483
1121484
1121485
1121486
1121487
1121488
1121489
1121490
1121491
1121492
1121493
1121494
1121495
1121496
1121497
1121498
1121499
1121500
1121501
1121502
1121503
1121504
1121505
1121506
1121507
1121508
1121509
1121510
1121511
1121512
1121513
1121514
1121515
1121516
1121517
1121518
1121519
1121520
1121521
1121522
1121523
1121524
1121525
1121526
1121527
1121528
1121529
1121530
1121531
1121532
1121533
1121534
1121535
1121536
1121537
1121538
1121539
1121540
1121541
1121542
1121543
1121544
1121545
1121546
1121547
1121548
1121549
1121550
1121551
1121552
1121553
1121554
1121555
1121556
1121557
1121558
1121559
1121560
1121561
1121562
1121563
1121564
1121565
1121566
1121567
1121568
1121569
1121570
1121571
1121572
1121573
1121574
1121575
1121576
1121577
1121578
1121579
1121580
1121581
1121582
1121583
1121584
1121585
1121586
1121587
1121588
1121589
1121590
1121591
1121592
1121593
1121594
1121595
1121596
1121597
1121598
1121599
1121600
1121601
1121602
1121603
1121604
1121605
1121606
1121607
1121608
1121609
1121610
1121611
1121612
1121613
1121614
1121615
1121616
1121617
1121618
1121619
1121620
1121621
1121622
1121623
1121624
1121625
1121626
1121627
1121628
1121629
1121630
1121631
1121632
1121633
1121634
1121635
1121636
1121637
1121638
1121639
1121640
1121641
1121642
1121643
1121644
1121645
1121646
1121647
1121648
1121649
1121650
1121651
1121652
1121653
1121654
1121655
1121656
1121657
1121658
1121659
1121660
1121661
1121662
1121663
1121664
1121665
1121666
1121667
1121668
1121669
1121670
1121671
1121672
1121673
1121674
1121675
1121676
1121677
1121678
1121679
1121680
1121681
1121682
1121683
1121684
1121685
1121686
1121687
1121688
1121689
1121690
1121691
1121692
1121693
1121694
1121695
1121696
1121697
1121698
1121699
1121700
1121701
1121702
1121703
1121704
1121705
1121706
1121707
1121708
1121709
1121710
1121711
1121712
1121713
1121714
1121715
1121716
1121717
1121718
1121719
1121720
1121721
1121722
1121723
1121724
1121725
1121726
1121727
1121728
1121729
1121730
1121731
1121732
1121733
1121734
1121735
1121736
1121737
1121738
1121739
1121740
1121741
1121742
1121743
1121744
1121745
1121746
1121747
1121748
1121749
1121750
1121751
1121752
1121753
1121754
1121755
1121756
1121757
1121758
1121813
1122371
1122530
1127625
1127627
1130715
1132293
1132294
1132295
1132435
1132928
1133074
1133440
1133441
1133465
1134240
1134242
1134714
1136217
1136958
1141630
1145247
1147144
1147146
1147147
1147569
1147573
1148306
1148912
1148913
1148914
1148915
1148916
1148917
1148918
1148919
1148920
1148921
1148922
1148923
1148924
1148925
1148926
1148927
1148928
1148929
1148930
1148931
1148932
1148933
1148934
1148935
1148936
1148937
1148938
1148939
1148940
1148941
1148942
1148943
1148944
1148945
1148946
1148947
1148948
1148949
1148950
1148951
1148952
1148953
1148954
1148955
1148956
1148957
1148958
1148959
1148960
1148961
1148962
1148963
1148964
1148965
1148966
1148967
1148968
1148969
1150429
1151172
1151213
1151229
1151654
1152714
1152715
1156005
1157188
1157489
1157490
1157491
1157492
1157493
1157494
1157495
1157496
1157497
1157498
1157499
1157500
1157501
1157502
1158537
1158538
1158555
1160358
1164233
1164236
1164239
1164290
1164323
1165340
1170727
1171007
1171809
1171810
1171811
1171812
1171813
1171814
1171815
1171816
1171817
1172306
1172308
1172309
1172310
1172311
1173259
1173260
1173261
1173265
1173303
1173310
1173414
1173887
1173888
1174224
1174225
1174279
1174308
1174463
1174836
1175033
1175072
1175081
1175735
1175799
1175913
1176156
1176157
1176216
1176258
1177844
1178337
1178338
1178508
1178509
1179359
1179691
1180260
1180495
