1039585
1131593
1131820
1133161
1133162
1133176
1135723
1155304
1181169
1181189
1181402
1181404
1181570
1181614
1181634
1181657
1181661
1181682
1181721
1181729
1181762
1181827
1181942
1181943
1182052
1182069
1182090
1182136
1182157
1182164
1182190
1182239
1182244
1182251
1182267
1182279
1182288
1182309
1182323
1182327
1182355
1182396
1182407
1182423
1182437
1182472
1182495
1182496
1182545
1182548
1182564
1182593
1182629
1182663
1182667
1182699
1182700
1182702
1182706
1182709
1182734
1182740
1182758
1182760
1182791
1182804
1182831
1182844
1182845
1182846
1182864
1182866
1182895
1182917
1182919
1182920
1182923
1183093
1183122
1183131
1183148
1183181
