1048062
1057008
1057015
1057022
1057029
1057036
1057043
1057050
1057057
1057064
1057071
1095454
1095596
1095724
1097445
1097446
1098101
1116498
1118635
1119167
1119199
1121957
1122117
1122180
1122413
1123345
1127915
1127986
1137321
1137322
1137323
1137324
1141568
1141569
1141570
1141571
1141572
1141573
1141574
1141575
1141576
1141577
1141578
1141579
1141580
1141581
1141582
1141583
1141584
1141585
1141586
1141587
1141588
1141589
1141590
1141591
1141592
1141593
1141594
1141595
1141596
1141597
1141598
1141599
1141600
1141601
1141602
1141603
1141604
1141605
1141606
1141607
1141608
1141609
1141610
1141611
1141612
1141613
1141614
1141615
1141616
1141617
1141618
1141619
1141620
1141621
1141622
1141623
1141624
1171787
1181403
