1047642
1047649
1047656
1047663
1047670
1047677
1047684
1047691
1047698
1047705
1047712
1047719
1047726
1047733
1047740
1047747
1047754
1047761
1047768
1047775
1047782
1047789
1047796
1047803
1047810
1047817
1047824
1047831
1047838
1047845
1047852
1047859
1047866
1047873
1047880
1047887
1047894
1047901
1047908
1047915
1047922
1047929
1047936
1047943
1047950
1047957
1047964
1047971
1047978
1047985
1047992
1047999
1048006
1048013
1048020
1048027
1048034
1056693
1056700
1056707
1056714
1056721
1056728
1056735
1056742
1056749
1056756
1056763
1056770
1056777
1072982
1072989
1072996
1073003
1073010
1073017
1073024
1073031
1073038
1073045
1073052
1073059
1073066
1073073
1073080
1073101
1073115
1073122
1073129
1073136
1073143
1073150
1073157
1073164
1075740
1075747
1075754
1075761
1075768
1075775
1075782
1075789
1075796
1075803
1075810
1075817
1075824
1075831
1075838
1075845
1075852
1075859
1075866
1075873
1075880
1075887
1075894
1075901
1075908
1075915
1075922
1075929
1075936
1075943
1075950
1075957
1075964
1075971
1075978
1075985
1075992
1075999
1076006
1076013
1076020
1076027
1076034
1076041
1076048
1076055
1076062
1076069
1076076
1076083
1076090
1076097
1076104
1076111
1076118
1076125
1076132
1076139
1076146
1076153
1076160
1076167
1076174
1076181
1076188
1076195
1076202
1076209
1076216
1076223
1076230
1076237
1076244
1076251
1076258
1076265
1076272
1076279
1076286
1076293
1076300
1076307
1076314
1076321
1076328
1076335
1076342
1076349
1076356
1076363
1076370
1076377
1076384
1076391
1076398
1076405
1076412
1076419
1076426
1076433
1076440
1076447
1076454
1076461
1153993
1157298
1157301
1174401
