1094476
1095082
1095159
1095630
1095631
1095632
1095633
1095634
1095635
1095636
1095637
1095638
1095639
1095640
1095641
1095642
1095643
1095644
1095645
1095646
1095647
1095648
1095649
1095650
1095651
1095734
1095735
1095736
1095737
1095738
1095739
1095740
1095741
1095742
1095743
1095744
1096466
1096467
1096468
1096469
1096470
1096471
1096472
1096473
1096474
1096475
1096476
1096477
1096478
1096479
1096480
1096481
1096482
1096483
1096484
1096528
1096529
1096530
1096531
1096532
1096533
1096534
1096535
1096536
1096537
1096538
1096539
1096540
1096541
1096542
1096543
1096544
1096545
1096546
1096547
1096548
1096549
1096550
1096551
1096552
1096553
1096554
1096631
1096639
1096815
1096816
1096817
1096818
1096819
1096820
1096821
1096822
1096823
1096824
1096825
1096826
1096827
1096828
1096829
1096830
1096831
1096832
1096833
1096834
1096980
1096982
1096993
1097003
1097005
1097012
1097048
1097055
1097061
1097529
1097534
1097548
1097561
1097564
1097627
1097629
1097657
1097669
1097682
1097703
1097720
1097726
1097741
1097745
1097785
1097792
1097804
1097814
1097836
1097849
1097865
1097869
1097870
1097871
1097874
1097876
1097881
1097882
1097898
1097904
1097912
1097916
1097929
1097931
1097936
1097937
1097947
1097956
1097961
1097962
1097970
1098006
1098009
1098017
1098048
1098071
1098072
1098073
1098080
1098103
1098111
1098116
1098125
1098139
1098163
1098173
1098179
1098180
1098195
1098206
1098261
1098262
1098273
1098288
1098295
1098307
1098308
1098392
1098719
1098720
1098721
1098722
1098723
1098724
1098725
1098726
1098727
1098728
1098729
1098730
1098731
1100142
1100145
1100281
1100282
1100283
1100284
1100285
1100286
1101921
1103268
1105307
1106176
1106376
1109491
1112335
1113312
1118650
1118659
1118699
1118771
1118773
1118783
1118784
1118788
1118793
1118799
1118800
1118804
1118810
1118814
1118816
1118819
1118832
1118834
1118838
1118839
1118841
1118846
1118858
1118874
1118880
1118881
1118882
1118883
1118884
1118885
1118886
1118887
1118888
1118889
1118890
1118891
1118892
1118893
1118894
1118895
1118896
1118897
1118898
1118899
1118900
1118901
1118902
1118903
1118904
1118905
1118906
1118907
1118908
1118909
1118910
1118911
1118912
1118913
1118914
1119423
1121845
1121847
1121848
1121849
1121850
1121852
1121853
1121854
1121858
1121861
1121864
1121865
1121866
1121904
1121905
1121906
1121907
1121908
1121909
1121910
1121911
1121912
1121913
1121914
1121930
1121931
1121932
1121933
1121934
1121935
1121936
1121937
1121938
1121939
1122029
1122030
1122031
1122032
1122033
1122034
1122035
1122036
1122037
1122038
1122039
1122040
1122041
1122042
1122335
1122336
1122337
1122338
1122339
1122340
1122355
1122373
1122374
1122375
1122376
1122377
1122378
1122379
1122380
1122381
1122382
1122383
1122384
1122385
1122386
1122387
1122388
1122393
1122419
1122480
1122481
1122512
1122515
1122780
1122781
1123567
1123568
1123569
1123570
1123571
1123572
1123573
1123574
1123575
1123576
1123589
1123625
1123626
1123627
1123629
1124987
1127789
1127830
1127832
1127833
1127844
1127847
1127858
1127871
1127872
1127879
1127911
1127912
1128884
1128885
1128886
1128908
1128909
1128910
1128911
1128912
1128913
1128914
1128915
1128916
1128917
1128918
1128919
1128920
1128921
1130057
1130058
1130059
1130060
1130243
1130248
1130434
1130695
1130697
1132434
1132438
1132441
1132452
1133014
1133015
1133016
1133017
1133018
1133019
1133020
1133021
1133022
1133023
1133024
1133025
1133026
1133027
1133028
1133029
1133030
1133031
1133032
1133033
1133034
1133035
1133036
1133037
1133038
1133039
1133040
1133041
1133042
1133043
1133044
1133045
1133046
1133047
1133048
1133447
1134245
1134308
1134455
1134794
1134795
1134950
1136199
1136200
1136201
1136202
1137327
1137801
1137802
1139008
1140849
1140850
1140851
1140852
1140853
1140855
1140856
1140857
1140858
1140859
1140860
1140861
1140862
1140863
1140864
1140865
1140866
1141028
1141047
1141151
1141298
1141543
1141544
1144769
1145209
1147177
1147178
1147566
1148337
1148338
1148339
1148340
1148341
1148342
1149134
1150227
1150231
1150235
1150238
1150240
1150268
1150275
1150285
1150286
1150300
1150301
1150317
1150319
1150322
1150326
1150335
1150342
1150343
1150352
1150367
1150370
1150373
1150379
1150395
1150400
1150421
1150422
1150423
1150424
1150425
1150426
1150427
1150428
1150430
1150431
1150432
1150433
1150446
1150449
1150455
1150456
1150462
1150499
1150513
1150531
1150589
1150594
1150609
1150610
1150611
1150612
1150613
1150628
1150702
1150703
1151116
1151137
1151138
1151139
1151149
1151150
1151683
1152176
1152310
1152702
1152749
1153872
1153873
1153874
1153875
1153876
1153877
1153917
1153932
1153978
1154041
1154198
1156021
1156512
1157193
1157198
1157241
1157253
1157277
1157282
1157360
1157361
1157392
1157397
1157398
1157399
1157400
1157401
1157402
1157403
1157445
1157446
1157447
1157448
1157506
1157507
1157508
1157509
1157510
1157511
1157512
1157513
1157514
1157515
1157516
1157517
1157518
1157519
1157520
1157521
1157522
1157523
1157524
1157525
1157526
1157527
1157528
1157529
1157530
1157531
1157532
1157533
1157566
1157567
1157568
1157569
1157570
1157571
1157572
1157573
1157574
1157575
1157576
1157577
1157578
1157579
1157580
1157581
1157582
1157583
1157584
1157585
1157586
1157587
1157588
1157589
1157613
1157614
1157710
1158079
1158080
1158081
1158082
1158083
1158084
1158085
1158086
1158087
1158088
1158089
1158090
1158091
1158092
1158093
1158094
1158095
1158096
1158097
1158098
1158099
1158100
1158101
1158102
1158103
1158104
1158105
1158106
1158107
1158108
1158109
1158110
1158111
1158112
1158113
1158114
1158115
1158116
1158117
1158118
1158119
1158120
1158121
1158122
1158123
1158124
1158125
1158484
1158491
1158492
1158493
1158494
1158495
1158540
1158557
1158558
1158559
1158560
1158561
1158562
1158563
1158564
1158565
1158566
1158567
1158568
1158569
1158570
1158571
1158572
1158573
1158574
1158575
1158576
1158577
1158578
1160177
1160359
1163797
1163798
1163799
1163802
1163803
1163805
1163806
1163812
1163813
1163814
1163817
1163819
1163820
1163825
1163827
1163829
1163834
1164240
1164241
1164244
1164249
1164252
1164254
1164256
1164257
1164258
1164259
1164261
1164263
1164264
1164265
1164266
1164267
1164268
1164269
1164277
1164284
1164286
1164287
1164292
1164296
1164297
1164298
1164300
1164302
1164307
1164309
1164310
1164314
1164315
1164319
1164322
1164324
1164428
1164434
1164637
1164638
1164655
1164739
1165133
1165159
1165210
1165220
1165279
1170580
1170818
1170938
1170939
1170940
1170944
1170945
1170946
1170948
1170950
1170951
1170952
1170954
1170955
1170957
1170958
1170959
1170967
1170974
1170975
1170976
1170978
1170979
1170980
1170981
1170982
1170983
1170984
1170985
1170986
1170987
1170988
1171053
1171065
1171084
1171150
1171223
1171648
1171649
1171650
1171663
1171729
1171750
1171760
1171872
1172212
1172237
1172239
1172253
1172255
1172260
1172262
1172264
1172265
1172266
1172267
1172270
1172271
1172272
1172273
1172274
1172280
1172291
1172317
1173264
1173283
1173314
1173317
1173319
1173324
1173326
1173327
1173330
1173331
1173332
1173337
1173339
1173341
1173342
1173344
1173348
1173349
1173350
1173351
1173352
1173353
1173354
1173363
1173364
1173365
1173367
1173368
1173370
1173377
1173378
1173379
1173380
1173381
1173382
1173383
1173384
1173386
1173387
1173391
1173395
1173397
1173399
1173401
1173402
1173407
1173411
1173437
1173438
1173439
1173440
1173441
1173442
1173443
1173444
1173445
1173446
1173447
1173448
1173449
1173450
1173451
1173452
1173579
1173730
1174191
1174287
1174309
1174335
1174336
1174352
1174357
1174358
1174359
1174360
1174361
1174362
1174363
1174364
1174365
1174366
1174367
1174368
1174369
1174370
1174371
1174372
1174373
1174374
1174375
1174376
1174377
1174378
1174379
1174380
1174381
1174382
1174383
1174384
1174385
1174386
1174387
1174388
1174389
1174402
1174464
1174465
1174466
1174484
1174485
1174495
1174496
1174497
1174498
1174499
1174500
1174501
1174502
1174503
1174504
1174505
1174506
1174507
1174508
1174509
1174510
1174511
1174512
1174513
1174514
1174515
1174516
1174517
1174518
1174519
1174521
1174607
1174608
1174610
1174612
1174672
1174699
1174700
1174701
1174703
1174710
1174711
1174722
1174723
1174724
1174725
1174726
1174727
1174835
1174839
1174840
1174841
1174842
1174844
1174845
1174847
1174848
1174849
1174851
1174852
1174853
1174854
1174856
1174857
1174859
1174861
1174866
1174868
1174870
1174871
1174872
1174873
1174874
1174875
1174876
1174877
1174878
1174879
1174880
1174881
1174882
1174883
1174884
1174885
1174886
1174887
1174888
1174889
1174890
1174891
1174894
1174898
1174900
1174905
1174907
1174914
1174917
1174918
1174919
1174920
1174921
1174922
1174925
1174929
1174932
1174940
1174974
1174996
1174998
1175000
1175010
1175036
1175037
1175040
1175043
1175045
1175046
1175047
1175049
1175053
1175054
1175056
1175059
1175060
1175068
1175088
1175089
1175090
1175091
1175094
1175095
1175096
1175099
1175102
1175103
1175104
1175128
1175670
1175715
1175723
1175724
1175728
1175730
1175736
1175737
1175739
1175740
1175741
1175742
1175743
1175746
1175747
1175749
1175787
1175795
1175797
1175798
1175800
1175801
1175803
1175813
1175821
1175834
1175840
1175848
1175849
1175850
1175851
1175852
1175853
1175854
1175855
1175890
1175903
1176202
1176212
1176215
1176249
1176250
1176259
1176260
1176273
1176274
1176275
1176312
1176313
1176387
1176388
1176389
1176390
1176391
1176392
1176393
1176394
1176395
1176396
1176397
1176398
1176399
1176400
1176445
1176903
1176908
1176909
1176910
1176966
1176970
1176972
1177187
1177188
1177189
1177201
1177202
1177204
1177205
1177206
1177207
1177346
1177347
1177348
1177349
1177350
1177351
1177352
1177353
1177536
1177550
1177578
1177589
1177603
1177650
1177745
1178538
1178562
1178565
1178584
1178618
1178645
1178646
1178647
1178648
1178669
1178687
