1003794
1003801
1003808
1003815
1003822
1003829
1003836
1003843
1003850
1003857
1003864
1003871
1003878
1003885
1003892
1003899
1003906
1003913
1003920
1003927
1003934
1003941
1003948
1003955
1003962
1003969
1003976
1003983
1003990
1003997
1004004
1004011
1004018
1004025
1004032
1004039
1004046
1004053
1004060
1004067
1004074
1004081
1004088
1004095
1004102
1004109
1004116
1004123
1004130
1004137
1004144
1004151
1004158
1004165
1004172
1004179
1004186
1004193
1004200
1004207
1004214
1004221
1004228
1004235
1004242
1004249
1004256
1004263
1004270
1004277
1004284
1004291
1004298
1004305
1004312
1004319
1004326
1004333
1004340
1004347
1004354
1004361
1004368
1004375
1004382
1004389
1004396
1004403
1004410
1004417
1004424
1004431
1004438
1004445
1004452
1004459
1004466
1004473
1004480
1004487
1004494
1004501
1004508
1004515
1004522
1004529
1004536
1004543
1004550
1004557
1004564
1004571
1004578
1004585
1004592
1004599
1006650
1007070
1041027
1063266
1063273
1063280
1063287
1063294
1063301
1063308
1063315
1063322
1063329
1063336
1063343
1063350
1063357
1063364
1063371
1063378
1063385
1063392
1063399
1063406
1063413
1063420
1063427
1063434
1063441
1063448
1063455
1063462
1063469
1063476
1063483
1063490
1063497
1063504
1063511
1063518
1063525
1063532
1063539
1063546
1063553
1063560
1063567
1063574
1063581
1063588
1063595
1063602
1063609
1063616
1063623
1063630
1063637
1063644
1063651
1063658
1063665
1063672
1063679
1076482
1083363
1083461
1083468
1083475
1083482
1083489
1083496
1083503
1083510
1084819
1090797
1090804
1090811
1090818
1090825
1090832
1090839
1090846
1090853
1090860
1090867
1090874
1090881
1090888
1090895
1090902
1090909
1090916
1090923
1090930
1090937
1094494
1094514
1094779
1094869
1096297
1096675
1096840
1096881
1096884
1096905
1097075
1097121
1100322
1121941
1122389
1122398
1122635
1122709
1122736
1123351
1126096
1127884
1127885
1127886
1127945
1130397
1132267
1132454
1134953
1135196
1139092
1141547
1145248
1147991
1149000
1150182
1150248
1151148
1151233
1152111
1152112
1152291
1152696
1153177
1153237
1153238
1153239
1153240
1153241
1153242
1153243
1153244
1153245
1153246
1153247
1153248
1153249
1153250
1153251
1153252
1153253
1153254
1153255
1153256
1153257
1153258
1153259
1153260
1153261
1153262
1153263
1153264
1153265
1153266
1153267
1153268
1153269
1153270
1153271
1153272
1153273
1153274
1153275
1153276
1153277
1153278
1153279
1153280
1153281
1153282
1153283
1153284
1153285
1153286
1153287
1153288
1153289
1153290
1153291
1153292
1153293
1153294
1153295
1153296
1153297
1153298
1153299
1153300
1153301
1153302
1153303
1153304
1153305
1153306
1153307
1153308
1153309
1153310
1153311
1153312
1153313
1153314
1153315
1153316
1153317
1153318
1153319
1153320
1153321
1153322
1153323
1153324
1153325
1153326
1153327
1153328
1153329
1153330
1153331
1153332
1153333
1153334
1153335
1153336
1153337
1153338
1153339
1153340
1153341
1153342
1153343
1153344
1153345
1153346
1153347
1153348
1153349
1153350
1153351
1153352
1153353
1153354
1153355
1153356
1153357
1153358
1153359
1153360
1153361
1153362
1153363
1153364
1153365
1153366
1153367
1153368
1153369
1153370
1153371
1153372
1153373
1153374
1153375
1153376
1153377
1153378
1153379
1153380
1153381
1153382
1153383
1153384
1153385
1153386
1153387
1153388
1153389
1153390
1153391
1153392
1153393
1153394
1153395
1153396
1153397
1153398
1153399
1153400
1153401
1153402
1153403
1153404
1153405
1153406
1153407
1153408
1153409
1153410
1153411
1153412
1153413
1153414
1153415
1153416
1153417
1153418
1153419
1153420
1153421
1153422
1153423
1153424
1153425
1153426
1153427
1153428
1153429
1153430
1153431
1153432
1153433
1153434
1153435
1153436
1153437
1153438
1153439
1153440
1153441
1153442
1153443
1153444
1153445
1153446
1153447
1153448
1153449
1153450
1153451
1153452
1153453
1153454
1153455
1153456
1153457
1153458
1153459
1153460
1153461
1153462
1153463
1153464
1153465
1153466
1153467
1153468
1153469
1153470
1153471
1153472
1153473
1153474
1153475
1153476
1153477
1153478
1153479
1153480
1153481
1153482
1153483
1153484
1153485
1153486
1153487
1153488
1153489
1153490
1153491
1153492
1153493
1153494
1153495
1153496
1153497
1153498
1153499
1153500
1153501
1153502
1153503
1153504
1153505
1153506
1153507
1153508
1153509
1153510
1153511
1153512
1153513
1153514
1153515
1153516
1153517
1153518
1153519
1153520
1153521
1153522
1153523
1153524
1153525
1153526
1153527
1153528
1153529
1153530
1153531
1153532
1153533
1153534
1153535
1153536
1153537
1153538
1153539
1153540
1153541
1153542
1153543
1153544
1153545
1153546
1153547
1153548
1153549
1153550
1153551
1153552
1153553
1153554
1153555
1153556
1153557
1153558
1153559
1153560
1153561
1153562
1153563
1153564
1153565
1153566
1153567
1153568
1153569
1153570
1153571
1153572
1153573
1153574
1153575
1153576
1153577
1153578
1153579
1153580
1153581
1153582
1153583
1153584
1153585
1153586
1153587
1153588
1153589
1153590
1153591
1153592
1153593
1153594
1153595
1153596
1153597
1153598
1153599
1153600
1153601
1153602
1153603
1153604
1153605
1153606
1153607
1153608
1153609
1153610
1153611
1153612
1153613
1153614
1153615
1153616
1153617
1153618
1153619
1153620
1153621
1153622
1153623
1153624
1153625
1153626
1153627
1153628
1153629
1153630
1153631
1153632
1153633
1153634
1153635
1153636
1153637
1153638
1153639
1153640
1153641
1153642
1153643
1153644
1153645
1153646
1153647
1153648
1153649
1153650
1153651
1153652
1153653
1153654
1153655
1153656
1153657
1153658
1153659
1153660
1153661
1153662
1153663
1153664
1153665
1153666
1153667
1153668
1153669
1153670
1153671
1153672
1153673
1153674
1153675
1153676
1153677
1153678
1153679
1153680
1153681
1153682
1153683
1153684
1153685
1153686
1153687
1153688
1153689
1153690
1153691
1153692
1153693
1153694
1153695
1153696
1153697
1153698
1153699
1153700
1153701
1153702
1153703
1153704
1153705
1153706
1153707
1153708
1153709
1153710
1153711
1153712
1153713
1153714
1153715
1153716
1153717
1153718
1153719
1153720
1153721
1153722
1153723
1153724
1153725
1153726
1153727
1153728
1153729
1153730
1153731
1153732
1153733
1153734
1153735
1153736
1153737
1153738
1153739
1153740
1153741
1153742
1153743
1153744
1153745
1153746
1153747
1153748
1153749
1153750
1153751
1153752
1153753
1153754
1153755
1153756
1153757
1153758
1153759
1153760
1153761
1153762
1153763
1153764
1153765
1153766
1153767
1153768
1153769
1153770
1153771
1153772
1153773
1153774
1153775
1153776
1153777
1153778
1153779
1153780
1153781
1153782
1153783
1153784
1153785
1153786
1153787
1153788
1153789
1153790
1153791
1153792
1153793
1153794
1153795
1153796
1153797
1153798
1153799
1153800
1153801
1153802
1153803
1153804
1153805
1153806
1153807
1153808
1153809
1156004
1156018
1156027
1156028
1156029
1156511
1160353
1165349
1165464
1165506
1165675
1165702
1165728
1165759
1165960
1165982
1165983
1165984
1166335
1166386
1167122
1167146
1167205
1167211
1167278
1167640
1167870
1167876
1167932
1167970
1168057
1168160
1168308
1168315
1168415
1168645
1168828
1168879
1169074
1169128
1169339
1169432
1169533
1169626
1169726
1169764
1169860
1169861
1169897
1170035
1170091
1170101
1170109
1170117
1170165
1170410
1170412
1170549
1171639
1173687
1177267
1179247
1181504
