1049105
1049112
1049119
1049126
1049133
1049140
1049147
1049154
1049161
1049168
1049175
1049182
1049189
1049196
1049203
1049210
1049217
1049224
1049231
1049238
1049245
1049252
1049259
1049266
1049273
1049280
1049287
1049294
1049301
1049308
1049315
1049322
1049329
1049336
1049343
1049350
1049357
1049364
1049371
1049378
1049385
1049392
1049399
1049406
1049413
1049420
1049427
1049434
1049441
1049448
1049455
1049462
1049469
1069377
1069384
1069391
1069398
1069405
1069412
1069419
1069426
1069433
1069440
1069447
1069454
1069461
1069468
1069475
1069482
1069489
1069496
1069503
1069510
1069517
1069524
1069531
1069538
1069545
1069552
1069559
1069566
1069573
1069580
1069587
1069594
1069601
1069608
1069615
1069622
1069629
1072695
1072702
1072709
1072716
1072723
1072730
1072737
1072744
1072751
1072758
1072765
1072772
1072779
1072786
1072793
1072800
1072807
1072814
1072821
1073087
1076888
1076895
1076902
1076909
1076916
1076923
1076930
1076937
1076944
1076951
1076958
1076965
1076972
1076979
1076986
1076993
1077000
1077007
1077014
1077021
1077028
1077035
1077042
1077049
1077056
1077063
1077070
1077077
1077084
1077091
1077098
1077105
1077112
1077119
1077126
1077133
1077140
1077147
1077154
1077161
1077168
1077175
1077182
1077189
1077196
1077203
1077210
1077217
1077343
1077350
1077357
1077364
1077371
1077378
1077385
1077392
1077399
1077406
1077413
1077420
1077427
1077434
1077441
1077448
1077455
1077462
1077469
1084280
1084287
1084294
1084301
1084308
1084315
1084322
1084329
1084336
1084343
1084350
1084357
1084364
1084371
1084378
1084385
1084392
1084399
1084406
1084413
1084420
1084427
1084434
1084441
1084448
1084455
1084462
1084469
1084476
1084483
1084490
1084497
1084504
1084511
1084518
1084525
1084532
1084539
1084546
1084553
1084560
1084567
1084574
1084581
1084588
1095469
1095470
1095471
1095472
1095473
1095474
1095475
1095476
1095477
1095478
1095479
1095480
1095481
1095482
1095483
1095484
1095485
1095486
1095487
1095488
1095489
1095490
1095491
1095492
1095493
1095494
1095495
1095496
1095497
1095498
1095499
1095500
1095501
1095502
1095503
1095504
1095505
1095506
1095507
1095508
1095509
1095510
1095511
1095512
1095513
1095514
1095515
1095516
1095517
1095518
1095519
1096863
1098513
1098514
1098515
1098516
1098517
1098518
1098519
1098520
1098521
1098522
1098523
1098524
1098525
1098526
1098527
1098528
1098529
1098530
1098531
1098532
1098533
1098534
1098535
1098536
1098537
1098538
1098539
1098540
1098541
1098542
1098543
1098544
1098545
1098546
1098547
1098548
1098549
1098550
1098551
1098552
1098553
1098554
1098555
1098556
1098557
1098558
1098559
1098560
1098561
1098562
1098563
1098564
1098565
1098566
1098567
1098568
1098569
1098570
1098571
1098615
1098616
1098617
1098618
1098805
1099460
1118120
1118121
1118122
1118123
1118124
1118125
1118126
1118127
1118128
1118129
1118130
1118131
1118132
1118133
1118134
1118135
1118136
1118137
1118138
1118139
1118140
1118141
1118142
1118143
1118144
1118145
1118146
1118147
1118148
1118149
1118150
1118151
1118152
1118153
1118154
1118155
1118156
1118157
1118158
1118159
1118160
1118161
1118162
1118163
1118164
1118165
1118166
1118167
1118168
1118169
1118170
1118171
1118172
1118173
1118174
1118175
1118176
1118177
1118178
1118179
1118180
1118181
1118182
1118183
1118184
1118185
1118186
1118187
1118188
1118189
1118190
1118191
1118192
1118193
1118194
1118195
1118196
1118197
1118198
1118199
1118200
1118201
1118202
1118203
1118204
1118205
1118206
1118247
1118730
1119262
1119370
1119371
1119372
1119373
1119374
1120230
1120231
1120232
1120233
1120234
1120235
1120236
1120237
1120238
1120239
1120240
1120241
1120242
1120243
1120244
1120245
1120246
1120247
1120248
1120249
1120250
1120251
1120252
1120253
1120254
1120255
1120256
1120257
1120258
1120259
1120260
1120262
1121063
1121780
1121922
1121929
1122047
1122507
1122698
1122772
1123228
1123591
1127944
1130721
1130722
1130789
1130790
1130791
1130792
1130793
1130794
1130795
1130796
1130797
1130798
1130799
1130800
1130801
1130802
1130803
1130804
1130805
1130806
1130807
1130808
1130809
1130810
1130811
1130812
1130813
1130814
1130815
1130816
1130817
1130818
1130819
1130820
1130821
1130822
1130823
1130824
1130825
1130826
1130827
1130828
1130829
1130830
1130831
1130832
1132323
1132324
1132325
1132326
1132327
1132328
1132329
1132331
1132332
1132333
1132334
1132335
1132336
1132337
1132338
1132339
1132340
1132341
1132342
1132343
1132344
1132345
1132346
1132347
1132348
1132349
1132350
1132940
1132941
1132942
1132943
1132944
1132945
1132946
1132947
1132948
1132949
1132950
1132951
1132952
1132953
1132954
1132955
1132956
1132957
1132958
1132959
1132960
1132961
1132962
1132963
1132964
1132965
1132966
1132967
1132968
1132969
1132970
1132972
1132973
1132974
1132975
1132976
1132977
1132978
1132980
1132983
1132984
1132985
1132986
1132987
1132988
1132989
1132990
1132991
1132992
1132993
1132994
1132995
1132996
1132997
1132998
1132999
1133000
1133001
1133771
1133772
1133773
1133774
1133776
1133777
1133778
1133779
1133780
1133781
1133782
1133783
1133784
1133785
1133786
1133787
1133793
1133794
1133795
1133796
1133797
1133798
1136965
1141277
1151201
1153854
1153855
1153856
1153858
1153859
1153860
1153861
1153862
1153863
1153864
1155999
1163869
1164122
1164164
1164173
1164174
1164175
1164176
1164177
1164178
1164179
1164180
1164181
1164182
1164183
1164184
1164185
1164186
1164187
1164188
1164189
1164190
1164191
1164192
1164193
1164194
1164195
1164196
1164197
1164198
1164199
1164200
1164201
1164202
1164203
1164204
1164205
1164206
1164207
1164208
1164209
1164210
1164211
1164212
1164213
1164214
1164215
1164216
1164217
1165229
1165358
1170496
1170498
1170501
1170502
1170503
1170504
1170505
1170506
1170507
1170508
1170509
1170510
1170511
1170512
1170513
1170514
1170515
1170516
1170517
1170518
1170519
1170520
1170521
1170522
1170523
1170524
1170525
1170526
1170527
1171761
1171762
1171763
1171765
1171766
1171767
1171901
1173688
1173847
1173848
1173849
1173850
1173851
1173852
1173853
1173854
1173855
1173856
1173857
1173858
1173859
1173860
1173861
1173862
1173863
1173864
1173865
1173866
1173867
1173868
1173869
1173870
1173871
1173872
1173941
1173942
1173943
1173944
1173945
1173946
1173947
1173948
1173949
1173950
1173951
1173952
1173953
1173954
1174399
1174714
1174715
1174716
1174717
1174718
1174719
1174720
1174721
1175756
1175892
1175893
1175923
1175924
1175925
1175926
1175927
1175928
1175929
1175930
1175931
1175932
1175933
1175934
1175935
1175936
1175937
1175938
1175939
1175940
1175941
1175942
1175943
1175944
1175945
1175946
1175947
1175948
1175949
1175950
1175951
1175952
1175953
1175954
1175955
1175956
1175957
1175958
1175959
1175960
1175961
1175962
1175963
1175964
1175965
1175966
1175967
1175968
1175969
1175970
1175971
1175972
1175973
1175974
1175975
1175976
1175977
1175978
1175979
1175980
1175981
1175982
1175983
1175984
1175985
1175986
1175987
1175988
1175989
1175990
1175991
1175992
1175993
1175994
1175995
1175996
1175997
1175998
1175999
1176000
1176001
1176002
1176003
1176004
1176005
1176006
1176007
1176008
1176009
1176010
1176011
1176012
1176013
1176014
1176015
1176016
1176017
1176018
1176019
1176020
1176021
1176022
1176023
1176024
1176025
1176026
1176027
1176028
1176029
1176030
1176031
1176032
1176033
1176034
1176035
1176036
1176037
1176038
1176039
1176040
1176041
1176042
1176043
1176044
1176045
1176046
1176047
1176048
1176049
1176050
1176051
1176052
1176053
1176054
1176055
1176056
1176057
1176058
1176059
1176060
1176061
1176062
1176063
1176064
1176065
1176066
1176067
1176068
1176069
1176070
1176071
1176072
1176073
1176074
1176075
1176076
1176077
1176078
1176079
1176080
1176081
1176082
1176083
1176084
1176085
1176086
1176087
1176088
1176089
1176090
1176091
1176092
1176093
1176094
1176095
1176096
1176097
1176098
1176099
1176100
1176101
1176102
1176103
1176104
1176105
1176106
1176107
1176108
1176109
1176110
1176111
1176112
1176113
1176114
1176115
1176116
1176117
1176118
1176119
1176120
1176121
1176122
1176123
1176124
1176125
1176126
1176127
1176128
1176129
1176130
1176131
1176132
1176133
1176134
1176135
1176136
1176137
1176138
1176139
1176140
1176141
1176224
1176888
1177385
1179635
1180830
1188476
1188477
