1004697
1004718
1006174
1006881
1028686
1028693
1028700
1028707
1028714
1028721
1028728
1028735
1028742
1028749
1028756
1028763
1028770
1028777
1028784
1028791
1028798
1028805
1028812
1028819
1028826
1028833
1028840
1028847
1028854
1028861
1028868
1028875
1028882
1028889
1028896
1028903
1028910
1028917
1028924
1028931
1028938
1028945
1028952
1028959
1028966
1028973
1028980
1028987
1028994
1029001
1029008
1029015
1029022
1029029
1029036
1029043
1029050
1029057
1029064
1029071
1029078
1029085
1029092
1029099
1029106
1029113
1029120
1029127
1029134
1029141
1029148
1029155
1029162
1029169
1029176
1029183
1029190
1029197
1029204
1029211
1029218
1029225
1029232
1029239
1029246
1029253
1029260
1029267
1029274
1029281
1029288
1029295
1029302
1029309
1029316
1029323
1029330
1029337
1029344
1029351
1029358
1029365
1029372
1029379
1029386
1029393
1029400
1029407
1029414
1029421
1029428
1029435
1029442
1029449
1029456
1029463
1029470
1029477
1029484
1029491
1029498
1029505
1029512
1029519
1029526
1029540
1029554
1029568
1029575
1029582
1029589
1029596
1029603
1029610
1029617
1029624
1029638
1029645
1029652
1029659
1029666
1029680
1029687
1029701
1029722
1029729
1029736
1029743
1029750
1029757
1029764
1029771
1029785
1029792
1029799
1029806
1029813
1029820
1029827
1029834
1029841
1029848
1029855
1029862
1029869
1029876
1029883
1029890
1029897
1029904
1029911
1029918
1029925
1029932
1029939
1029946
1029953
1029960
1029967
1029974
1029981
1029988
1030016
1030023
1030030
1030037
1030044
1030051
1030058
1030065
1030072
1030079
1030086
1030093
1030100
1030107
1030114
1030128
1030135
1030142
1030149
1030163
1030170
1030177
1030184
1030191
1030205
1030212
1030219
1030226
1030233
1030240
1030247
1030254
1030261
1030268
1030275
1030282
1030289
1030296
1030303
1030310
1030317
1030324
1030331
1030338
1030359
1030373
1030380
1030387
1030401
1030422
1030436
1030443
1030450
1030464
1030471
1030478
1030485
1030492
1030499
1030506
1030513
1030520
1030527
1030534
1030541
1030548
1030555
1030562
1030569
1030576
1030583
1030590
1030597
1030604
1030611
1030618
1030625
1030632
1030639
1030646
1030653
1030660
1030667
1030674
1030681
1030688
1030695
1030702
1030709
1030716
1030723
1030730
1030737
1030744
1030751
1030758
1030765
1030772
1030779
1030786
1030793
1030800
1030807
1030814
1030821
1030828
1030835
1030842
1030849
1030856
1030863
1030870
1030877
1030884
1030891
1030898
1030905
1030912
1030919
1030926
1030933
1030940
1030947
1030954
1030961
1030968
1030975
1030982
1030989
1030996
1031003
1031010
1031017
1031024
1031031
1031038
1031045
1031052
1031059
1031066
1031073
1031080
1031087
1031094
1031101
1031108
1031115
1031122
1031129
1031136
1031143
1031150
1031157
1031164
1031171
1031178
1031185
1031192
1031199
1031206
1031213
1031220
1031227
1031234
1031241
1031248
1031255
1031262
1031269
1031276
1031283
1031290
1031297
1031304
1031311
1031318
1031325
1031332
1031339
1031346
1031353
1031360
1031367
1031374
1031381
1040971
1044016
1044023
1053634
1053683
1053704
1053732
1054481
1054488
1054495
1054502
1054509
1054516
1054523
1054530
1054537
1054544
1054551
1054558
1054565
1054572
1054579
1054586
1054593
1054600
1054607
1054614
1054621
1054628
1054635
1054642
1054649
1054656
1054663
1054670
1054677
1054684
1054691
1054698
1054705
1054712
1054719
1054726
1054733
1054740
1054747
1054754
1054761
1054768
1054775
1054782
1054789
1054796
1054803
1054810
1054817
1054824
1054831
1054838
1054845
1054852
1054859
1054866
1054873
1054880
1054887
1054894
1054901
1054908
1054915
1054922
1054929
1054936
1054943
1054950
1054957
1054964
1054971
1054978
1054985
1054992
1054999
1055006
1055013
1055020
1055027
1055034
1055041
1055048
1055055
1055062
1055069
1055076
1055083
1055090
1055097
1055104
1055111
1055118
1055125
1055132
1055139
1055146
1055153
1055160
1055167
1055174
1055181
1055188
1055195
1055202
1055209
1055216
1055223
1055230
1055237
1055244
1055251
1055258
1055265
1055272
1055279
1055286
1055293
1055300
1055307
1055314
1055321
1055328
1055335
1055342
1055349
1055356
1055370
1055377
1055384
1055391
1055398
1055405
1055412
1055419
1055426
1055433
1055440
1055447
1055454
1055461
1055468
1055475
1055482
1055489
1055496
1055503
1055510
1055517
1055524
1055531
1055538
1055545
1055552
1055559
1055566
1055573
1055580
1055587
1055594
1055601
1055608
1055615
1055622
1055629
1055636
1055643
1055650
1055657
1055664
1055671
1055678
1055685
1055692
1055699
1055706
1055713
1055720
1055727
1055734
1055741
1055748
1055755
1055762
1055769
1055776
1055783
1055790
1055797
1055804
1055811
1055818
1055825
1055832
1055839
1055846
1055853
1055860
1055867
1055874
1055881
1055888
1055895
1055902
1055909
1055916
1055923
1055930
1055937
1055944
1055951
1055958
1055965
1055972
1055979
1055986
1055993
1056000
1056007
1056014
1056021
1056028
1056035
1056042
1056049
1056056
1056063
1056070
1056077
1056084
1056091
1056098
1056105
1056112
1056119
1056126
1056133
1056140
1056147
1056154
1056161
1056168
1056175
1056182
1056189
1056196
1056203
1056210
1056217
1056224
1056231
1056238
1056245
1056252
1056259
1056266
1056273
1056280
1056287
1056294
1056301
1056308
1056315
1056322
1056329
1056336
1056343
1056350
1056357
1056364
1056371
1056378
1056385
1056392
1056399
1056406
1056413
1056420
1056427
1056434
1056441
1056448
1056455
1056462
1056469
1056476
1056483
1056490
1056497
1056504
1056511
1056518
1056525
1056532
1056539
1056546
1056553
1056560
1056567
1056574
1056581
1056588
1056595
1056602
1056609
1056630
1058590
1058597
1058604
1058611
1058618
1058625
1058632
1058639
1058646
1058653
1058660
1058667
1058674
1058681
1058688
1058695
1058702
1058709
1058716
1058723
1058730
1058737
1072674
1084273
1091294
1091301
1091308
1091315
1091322
1091329
1091336
1091343
1091350
1091357
1091364
1091371
1091378
1091385
1091392
1091399
1091406
1091413
1091420
1091427
1091434
1091441
1091448
1091455
1091462
1091504
1091840
1092197
1092323
1092365
1092421
1092428
1093555
1094489
1095591
1096906
1096952
1098238
1098242
1098398
1098399
1098400
1098401
1098967
1109786
1118255
1118263
1119226
1119405
1121459
1121460
1121947
1122133
1122134
1122367
1122470
1123090
1123091
1123092
1123871
1124551
1124552
1124764
1124826
1125053
1126111
1126595
1126685
1127079
1127414
1127888
1127936
1127940
1129762
1132777
1133102
1133103
1133231
1133451
1133823
1133856
1134098
1134338
1134339
1135285
1135307
1135314
1135478
1135502
1139052
1139218
1141067
1145223
1146350
1146870
1147791
1147813
1147958
1148255
1149094
1150715
1152160
1153952
1158539
1164227
1165166
1174214
1174215
1176950
1178641
1179167
1179730
1180243
1181309
1181401
1181885
1181887
1181892
1181893
1181982
1182015
1182024
1182048
1182366
