1044058
1044114
1044121
1044128
1044135
1044142
1044149
1044156
1044163
1044170
1044177
1044184
1044191
1044198
1044205
1044212
1044219
1044226
1044233
1044240
1044247
1044254
1044261
1044268
1044275
1044282
1044289
1044296
1044303
1044310
1044317
1044324
1044331
1044338
1044345
1044352
1044359
1044366
1044373
1044380
1044387
1044394
1044401
1044408
1044415
1044422
1044429
1044436
1044443
1044450
1095725
1095726
1095727
1095728
1095729
1095730
1095731
1095732
1095733
1099422
1104029
1104093
1104633
1106642
1108212
1110044
1111215
1112553
1113637
1114281
1118475
1118807
1118954
1120899
1121856
1122418
1122471
1122472
1122473
1122474
1122475
1122476
1122482
1122483
1122484
1122485
1122486
1122487
1122488
1122489
1122490
1123590
1123592
1123593
1123594
1123595
1123596
1123597
1123598
1123599
1123600
1123601
1123602
1123603
1123604
1126115
1126116
1126117
1127790
1127791
1127828
1127900
1127902
1127924
1127925
1128902
1130422
1130757
1130758
1130759
1130760
1130761
1130763
1130764
1130765
1130766
1130767
1130768
1132486
1133055
1133056
1133057
1133058
1133059
1133063
1133064
1133065
1133066
1133067
1133068
1133069
1133070
1133071
1133072
1133073
1133081
1133275
1134152
1134250
1134251
1134301
1134328
1134329
1134330
1134331
1134332
1134333
1134336
1134337
1134340
1134341
1134342
1134343
1134344
1134345
1134346
1134347
1134348
1134349
1134350
1134351
1134352
1134353
1134354
1134355
1134356
1134357
1134358
1134359
1134360
1134361
1134363
1134364
1134365
1134366
1134367
1134368
1134369
1134370
1134371
1134372
1134373
1134782
1134783
1134784
1134785
1134789
1134791
1134792
1134805
1134806
1134815
1134816
1134817
1134818
1134819
1134820
1134821
1134822
1134823
1134824
1134825
1134826
1134827
1134828
1134829
1134830
1134831
1134832
1134833
1134834
1134835
1134836
1134837
1134838
1134839
1134840
1134841
1134842
1134843
1134844
1134845
1134846
1134847
1134848
1134849
1134850
1134851
1134852
1134853
1134854
1134855
1134884
1134917
1134918
1134919
1134920
1134921
1134922
1134948
1134963
1135211
1136175
1136177
1136178
1136179
1136180
1136910
1140818
1146710
1147145
1147274
1150223
1150346
1150386
1150704
1151151
1151675
1152319
1152637
1155699
1156459
1157266
1157295
1157296
1157297
1157302
1157303
1157304
1157305
1157306
1157307
1157308
1157309
1157310
1157311
1157312
1157313
1157314
1158128
1158129
1158130
1158131
1158132
1158133
1158134
1158135
1158519
1158535
1163804
1163807
1163808
1163809
1163810
1163811
1163818
1163821
1163822
1163823
1163824
1163828
1163830
1163831
1163832
1163833
1164376
1164404
1164412
1164584
1164751
1164752
1164753
1165235
1170532
1170829
1170879
1170889
1170890
1170891
1170892
1170893
1170894
1170895
1170896
1170897
1170898
1170899
1170900
1171219
1173263
1173302
1173513
1173514
1173516
1173517
1173530
1173813
1173906
1173960
1174306
1174322
1174323
1174395
1174444
1174613
1174614
1174815
1174817
1174829
1174956
1174957
1175027
1175671
1176893
1177203
1177231
1177362
1177428
1177525
1177610
1177738
1177772
1178297
1178364
1178386
1178533
1178534
1178535
1178639
1178640
1178662
1178668
1178672
1178731
1178745
1178751
1179262
1179268
1179594
1179605
1179627
1179628
1179760
1180011
1180197
1180269
1180807
1180855
1180869
