1027860
1027867
1027874
1027881
1027888
1027895
1027902
1027909
1027916
1027923
1027930
1027937
1027944
1027951
1027958
1027965
1027972
1027979
1027986
1027993
1028000
1028007
1028014
1028021
1028028
1028035
1028042
1028049
1028056
1028063
1028070
1028077
1028084
1028091
1028098
1028105
1028112
1028119
1028126
1028133
1028140
1028147
1028154
1028161
1028168
1028175
1028182
1028189
1028196
1028203
1028210
1028217
1028224
1028231
1028238
1028245
1028252
1028259
1028266
1028273
1028280
1028287
1028294
1028301
1049616
1049623
1049630
1049637
1049644
1049651
1049658
1049665
1049672
1049679
1049686
1049693
1049700
1049707
1049714
1049721
1049728
1049735
1049742
1049749
1049756
1049763
1049770
1049784
1049791
1049798
1049805
1049812
1049819
1049826
1049833
1100266
1100267
1118763
1121031
1121952
1121953
1122055
1122056
1122057
1122058
1122059
1122060
1122061
1122062
1122063
1122064
1122065
1122066
1122067
1122068
1122069
1122070
1122071
1122072
1122073
1122074
1122075
1122076
1122077
1122078
1122079
1122080
1122081
1122082
1122083
1122084
1122085
1122086
1122087
1122088
1122089
1122090
1122091
1122092
1122093
1122094
1122095
1122096
1122097
1122098
1122099
1122100
1122101
1122102
1122103
1122104
1122105
1122106
1122107
1122108
1122109
1122110
1122111
1122112
1122113
1122192
1122412
1122417
1122454
1122479
1122491
1122492
1122493
1122494
1122532
1123586
1123587
1126063
1127979
1127980
1127981
1130452
1130453
1130454
1130455
1130456
1133653
1133654
1133655
1133656
1133657
1133658
1133659
1133660
1133661
1133662
1133663
1133664
1133665
1133666
1133667
1133668
1133669
1133670
1133671
1133672
1133673
1133674
1133675
1133676
1133677
1133678
1133679
1133680
1133681
1133682
1133683
1133684
1133685
1133686
1133687
1133688
1133689
1133690
1133691
1133692
1133693
1133694
1133695
1133696
1133697
1133698
1133699
1133700
1133701
1133702
1133703
1133704
1133705
1133706
1133707
1133708
1133709
1133710
1133711
1133712
1133713
1133714
1133715
1133716
1133717
1133718
1133719
1133720
1133721
1133822
1134387
1135601
1137342
1137343
1137368
1137369
1137370
1141329
1151135
1153810
1156473
1156493
1157154
1157342
1157408
1157409
1157410
1157411
1157412
1164600
1174810
1178903
1178904
1178905
