1004767
1004774
1004781
1004788
1004858
1005194
1005691
1005698
1005705
1005712
1005733
1005866
1005957
1005964
1005971
1006013
1006083
1006090
1006125
1006132
1006139
1006181
1006188
1006195
1006230
1006237
1006258
1006272
1006321
1006370
1006384
1006419
1006517
1006594
1006615
1006622
1006629
1006657
1006685
1006699
1006706
1006713
1006720
1006727
1006734
1006762
1006769
1006776
1006783
1006790
1006797
1006804
1006811
1006846
1006860
1006874
1006895
1006902
1006909
1006916
1006923
1006944
1006951
1007014
1007021
1007028
1007035
1007042
1007049
1007056
1026481
1026523
1026565
1026572
1026579
1026586
1026593
1026600
1026607
1026614
1026621
1026628
1026635
1026642
1026649
1026656
1026663
1026670
1026677
1026684
1026691
1026698
1026705
1026712
1026719
1026726
1026733
1026740
1026747
1026754
1026761
1026768
1026775
1026782
1026789
1026796
1026803
1026810
1026817
1026824
1026831
1026838
1026845
1026852
1026859
1026866
1026873
1026880
1026887
1026894
1026901
1026908
1026915
1026922
1026929
1026936
1026943
1026950
1026957
1026964
1026971
1026978
1026985
1026992
1026999
1027006
1027013
1027020
1027027
1027034
1027041
1027048
1027055
1027062
1027069
1027076
1027083
1027090
1027097
1027104
1027111
1027118
1027125
1027132
1027139
1027146
1027153
1027160
1027167
1027174
1027181
1027188
1027195
1027202
1027209
1027216
1027223
1027230
1027237
1027244
1027251
1027258
1027265
1027272
1027279
1027286
1027293
1027300
1027307
1027314
1027321
1027328
1027335
1027342
1027349
1027356
1027363
1027370
1027377
1027384
1027391
1027398
1027405
1027412
1027419
1027426
1027433
1027440
1027447
1027454
1027461
1027468
1027475
1027482
1027489
1027496
1027503
1027510
1027517
1027524
1027531
1027538
1027545
1027552
1027559
1027566
1027573
1027580
1027587
1027594
1027601
1027608
1027615
1027622
1027629
1027636
1027643
1027650
1027657
1027664
1027671
1027678
1027685
1027692
1027699
1027706
1027713
1027720
1027727
1027734
1027741
1027748
1027755
1027762
1027769
1027776
1028308
1028315
1028322
1028329
1028336
1028343
1028350
1028357
1028364
1028371
1028378
1028385
1028392
1028399
1028406
1028413
1028420
1028427
1028434
1028441
1028448
1028455
1028462
1028469
1028476
1028483
1028490
1028497
1028504
1028511
1028518
1028525
1028532
1028539
1028546
1028553
1028560
1028567
1028574
1028581
1028588
1028595
1028602
1028609
1028616
1028623
1028630
1028637
1028644
1028651
1028658
1028665
1028672
1028679
1030366
1031388
1031395
1031402
1031409
1031416
1031423
1031430
1031437
1031444
1031451
1031458
1031465
1031472
1031479
1031486
1031493
1031500
1031507
1031514
1031521
1031528
1031535
1031542
1031549
1031556
1031563
1031570
1031577
1031584
1031591
1031598
1031605
1031612
1031619
1031626
1031633
1031640
1031647
1031654
1031661
1031668
1031675
1031682
1031689
1031696
1031703
1031710
1031717
1031724
1031731
1031738
1031745
1031752
1031759
1031766
1031773
1031780
1031787
1031794
1031801
1031808
1031815
1031822
1031829
1031836
1031843
1031850
1031857
1031864
1031871
1031878
1031885
1031892
1031899
1031906
1031913
1031920
1031927
1031934
1031941
1031948
1031955
1031962
1031969
1031976
1031983
1031990
1031997
1032004
1032011
1032018
1032025
1032032
1036428
1036435
1036442
1036449
1036456
1036463
1036470
1036477
1036484
1036512
1037464
1037471
1037478
1037485
1037492
1037499
1037506
1037513
1037520
1037527
1037534
1037541
1037548
1037555
1037562
1037569
1037576
1037583
1037590
1037597
1037604
1037611
1037618
1037625
1037632
1037639
1037646
1037653
1037660
1037667
1037674
1037681
1037688
1037695
1037702
1037709
1037716
1037723
1037730
1037737
1037744
1037751
1037758
1037765
1037772
1037779
1037786
1037793
1037800
1037807
1037814
1037821
1037828
1037835
1037842
1037849
1037856
1037863
1037870
1037877
1037884
1037891
1037898
1037905
1037912
1037919
1037926
1037933
1037940
1037947
1037954
1037961
1037968
1037975
1037982
1037989
1037996
1038010
1038017
1038024
1038031
1040712
1040726
1040740
1040782
1040789
1040796
1040838
1040873
1040901
1040915
1040929
1040936
1041006
1044002
1045227
1045619
1045710
1045752
1045850
1046298
1046403
1046767
1048041
1048048
1048055
1048069
1048076
1048083
1048090
1048097
1048104
1048111
1048118
1048125
1048132
1048139
1048146
1048153
1048160
1048167
1048174
1048181
1048188
1048195
1048202
1048209
1048216
1048223
1048230
1049091
1049098
1049476
1049483
1049490
1049497
1049504
1049511
1049518
1049525
1049532
1049539
1049546
1049553
1049560
1049567
1049574
1049581
1049588
1049595
1049602
1049609
1049777
1053424
1053431
1053438
1053445
1053452
1053459
1053466
1053473
1053480
1053487
1053494
1053501
1053508
1053515
1053522
1053529
1053536
1053543
1053550
1053557
1053564
1053571
1053578
1053606
1053676
1053725
1053739
1053753
1053760
1053767
1053774
1053781
1053788
1057078
1057085
1057092
1057099
1057106
1057113
1057120
1057127
1057134
1057141
1057148
1057155
1057162
1057169
1057176
1057183
1057190
1057197
1057204
1057211
1057218
1057225
1057232
1057239
1057246
1057253
1057260
1057267
1057274
1057281
1057288
1057295
1057302
1057309
1057316
1057323
1057330
1057337
1057344
1057351
1057358
1057365
1057372
1057379
1057386
1057393
1057400
1057407
1057414
1057421
1057428
1057435
1057442
1057449
1057456
1057463
1057470
1057477
1057484
1057491
1057498
1057505
1057512
1057519
1057526
1057533
1057540
1057547
1057554
1057561
1057568
1057575
1057582
1057589
1057596
1057603
1057610
1057617
1057624
1057631
1057638
1057645
1057652
1057659
1057666
1057673
1057680
1057687
1057694
1057701
1057708
1057715
1057722
1057729
1057736
1057743
1057750
1057757
1057764
1057771
1057778
1057785
1057792
1057799
1057806
1057813
1057820
1057827
1057834
1057841
1057848
1057855
1057862
1057869
1057876
1057883
1057890
1057897
1057904
1057911
1057918
1057925
1057932
1057939
1057946
1057953
1057960
1057967
1057974
1057981
1057988
1057995
1058002
1059059
1059066
1059073
1059080
1059087
1059094
1059101
1059108
1059115
1059122
1059129
1059136
1059143
1059150
1059157
1059164
1059171
1059178
1059185
1059192
1060032
1062797
1062804
1063245
1063259
1065576
1065583
1065590
1065597
1065604
1065611
1065618
1065625
1065632
1065639
1065646
1065653
1065660
1065667
1065674
1065681
1065688
1065695
1065702
1065709
1065961
1065968
1065975
1065982
1065989
1065996
1066003
1066465
1066556
1066563
1066570
1066661
1066668
1066675
1066682
1066689
1066696
1066703
1066710
1066717
1066724
1066731
1066738
1066745
1066752
1066759
1066766
1066773
1066780
1066787
1066794
1066801
1066808
1066815
1066822
1066829
1066836
1066843
1066850
1066857
1066864
1066871
1066878
1066885
1066892
1066899
1066906
1066913
1066920
1066927
1066934
1066941
1066948
1069349
1069356
1069636
1069643
1069650
1069657
1069664
1069671
1069678
1069685
1069692
1069699
1069706
1069713
1069720
1069727
1069734
1069741
1069748
1069755
1069762
1069769
1069776
1069783
1069790
1069797
1069804
1069811
1069818
1069825
1069832
1069839
1069846
1069853
1069860
1069867
1069874
1069881
1069888
1069895
1069902
1069909
1069916
1069923
1069930
1069937
1069944
1069951
1069958
1069965
1069972
1069979
1069986
1069993
1070000
1070007
1070014
1070021
1070028
1070035
1070042
1070049
1070056
1070070
1070077
1070084
1070091
1070098
1070105
1070112
1070119
1070126
1070133
1070140
1070147
1070154
1070161
1070168
1070175
1070182
1070189
1070196
1070203
1070210
1070217
1070224
1070231
1070238
1070245
1070252
1070259
1070266
1070273
1070280
1070287
1070294
1070301
1070308
1070315
1070322
1070329
1070336
1070343
1070350
1070357
1070364
1070371
1070378
1070385
1070392
1070399
1070406
1070413
1070420
1070427
1070434
1070441
1070448
1070455
1070462
1070469
1070476
1070483
1070490
1070497
1070504
1070511
1070518
1070525
1070532
1070539
1070546
1070553
1070560
1070567
1070574
1070581
1070588
1070595
1070602
1070609
1070616
1070623
1070630
1070637
1070644
1070651
1070658
1070665
1070672
1070679
1070686
1070693
1070700
1070707
1070714
1070721
1070728
1070735
1070742
1070749
1070756
1070763
1070770
1070777
1070784
1070791
1070798
1070805
1070812
1070819
1070826
1070833
1070840
1070847
1070854
1070861
1070868
1070875
1070882
1070889
1070896
1070903
1070910
1070917
1070924
1070931
1070938
1070945
1070952
1070959
1070966
1070973
1070980
1070987
1070994
1071001
1071008
1071015
1071022
1071029
1071036
1071043
1071050
1071057
1071064
1071071
1071078
1071085
1071092
1071099
1071106
1071113
1071120
1071127
1071134
1071141
1071148
1071155
1071162
1071169
1071176
1071183
1071190
1071197
1071204
1071211
1071218
1071225
1071232
1071239
1071246
1071253
1071260
1071267
1071274
1071281
1071288
1071295
1071302
1071309
1071316
1071323
1071330
1071337
1071344
1071351
1071358
1071365
1071372
1071379
1071386
1071393
1071400
1071407
1071414
1071421
1071435
1071442
1071449
1071456
1071463
1071470
1071477
1071484
1071491
1071498
1071505
1071512
1071519
1071526
1071533
1071540
1071547
1071554
1071561
1071568
1071575
1071582
1071589
1071596
1071603
1071610
1071617
1071624
1071631
1071638
1071645
1071652
1071659
1071666
1071673
1071680
1071687
1071694
1071701
1071708
1071715
1071722
1071729
1071736
1071743
1071750
1071757
1071764
1071771
1071778
1071785
1071792
1071799
1071806
1071813
1071820
1071827
1071834
1071841
1071848
1071855
1071862
1071869
1071876
1071883
1071890
1071897
1071904
1071911
1071918
1071925
1071932
1071939
1071946
1071981
1072681
1072688
1072828
1072835
1072842
1072849
1072856
1072863
1072870
1072877
1072884
1072891
1072898
1072905
1072912
1072919
1072926
1072933
1072940
1072947
1072954
1072961
1072968
1072975
1073094
1076489
1076496
1076503
1076510
1076517
1076524
1076531
1076538
1076545
1076552
1076559
1076566
1076573
1076580
1076587
1076594
1076601
1076622
1076629
1076636
1076643
1076650
1076657
1076664
1076671
1076678
1076685
1076692
1076699
1076706
1076713
1076720
1076727
1076734
1076741
1076748
1076755
1076762
1076769
1076776
1076783
1076790
1076797
1076804
1076811
1076818
1076825
1076832
1076839
1076846
1076853
1084602
1084714
1084721
1084756
1084763
1086352
1086359
1086366
1086373
1086380
1086387
1086394
1086401
1086611
1086618
1086625
1086632
1089992
1089999
1090006
1090013
1090020
1090027
1090034
1090041
1090048
1090055
1090062
1090069
1090076
1090083
1090090
1090097
1090104
1090111
1090118
1090125
1090132
1090139
1090146
1090153
1090160
1090167
1090174
1090181
1090188
1090195
1090202
1090209
1090216
1090223
1090230
1090237
1090244
1090251
1090258
1090265
1090272
1090384
1090503
1090510
1090517
1090531
1090545
1090552
1090559
1091469
1091497
1092148
1092274
1092288
1092372
1092491
1092498
1092505
1092512
1092519
1092526
1092533
1092540
1092547
1092554
1092561
1092568
1092575
1092582
1092589
1092596
1092603
1092610
1092617
1092624
1092631
1092638
1092645
1092652
1092659
1092666
1092743
1092750
1092757
1092764
1092771
1092778
1092785
1092792
1092799
1092806
1092813
1092820
1092827
1092834
1092841
1092848
1092855
1092862
1092869
1092876
1092883
1092890
1092897
1092904
1092911
1092918
1092925
1092932
1092939
1092946
1092953
1092960
1092967
1092974
1092981
1092988
1092995
1093002
1093009
1093016
1093023
1093030
1093037
1093044
1093051
1093058
1093065
1093072
1093079
1093086
1093093
1093100
1093107
1093114
1093121
1093128
1093135
1093142
1093149
1093156
1093163
1093170
1093177
1093184
1093191
1093198
1093205
1093212
1093219
1093226
1093233
1093240
1093247
1093254
1093261
1093268
1093275
1093282
1093289
1093296
1093303
1093310
1093317
1093324
1093331
1093338
1093345
1093352
1093359
1093366
1093373
1093380
1093387
1093394
1093401
1093408
1093415
1093422
1093429
1093436
1093443
1093450
1093457
1093464
1093471
1093478
1093485
1093492
1093499
1093506
1093513
1093583
1093653
1093660
1093667
1093674
1093681
1093688
1093714
1093854
1093855
1093856
1093857
1093858
1093859
1093860
1093861
1093862
1093863
1093864
1093865
1093866
1093867
1093868
1093869
1093870
1093871
1093872
1093873
1093874
1093875
1093876
1093877
1093878
1093879
1093880
1093881
1093882
1093883
1093884
1093885
1093886
1093887
1093888
1093889
1093890
1093891
1093892
1093893
1093894
1093895
1093896
1093897
1093898
1093899
1093900
1093901
1093902
1093903
1093904
1093905
1093906
1093907
1093908
1093909
1093910
1093911
1093912
1093913
1093914
1093915
1093916
1093917
1093918
1093919
1093920
1093921
1093922
1093923
1093924
1093925
1093926
1093927
1093928
1093929
1093930
1093931
1093932
1093933
1093934
1093935
1093936
1093937
1093938
1093939
1093940
1093941
1093942
1093943
1093944
1093945
1093946
1093947
1093948
1093949
1093950
1093951
1093952
1093953
1093954
1093955
1093956
1093957
1093958
1093959
1093960
1093961
1093962
1093963
1093964
1093965
1093966
1093967
1093968
1093969
1093970
1093971
1093972
1093973
1093974
1093975
1093976
1093977
1093978
1093979
1093980
1093981
1093982
1093983
1093984
1093985
1093986
1093987
1093988
1093989
1093990
1093991
1093992
1093993
1093994
1093995
1093996
1093997
1093998
1093999
1094000
1094001
1094002
1094003
1094004
1094005
1094006
1094007
1094008
1094009
1094010
1094011
1094012
1094013
1094014
1094015
1094016
1094017
1094018
1094019
1094020
1094021
1094022
1094023
1094024
1094025
1094026
1094027
1094028
1094029
1094030
1094031
1094032
1094033
1094034
1094035
1094036
1094037
1094038
1094039
1094040
1094041
1094042
1094043
1094463
1094477
1094478
1094479
1094480
1094481
1094511
1094512
1094513
1094519
1094520
1094525
1094526
1094528
1094784
1094786
1094787
1094788
1094833
1094834
1094855
1094866
1094868
1094891
1094893
1094894
1094925
1094926
1094927
1094928
1094929
1094930
1094931
1094933
1094934
1094935
1094936
1094937
1094938
1094940
1094941
1094942
1094943
1094944
1094945
1094946
1094948
1094949
1094953
1094954
1094956
1094957
1094958
1094960
1094961
1094962
1094963
1094964
1094965
1094966
1094967
1094968
1094969
1094970
1094971
1094972
1094973
1094974
1094975
1094976
1094979
1094980
1094981
1094982
1094983
1094985
1094987
1094988
1094989
1094990
1094991
1094992
1094993
1094994
1094995
1094996
1094997
1094998
1094999
1095000
1095001
1095002
1095003
1095004
1095006
1095007
1095008
1095009
1095010
1095011
1095012
1095013
1095014
1095015
1095016
1095017
1095018
1095019
1095020
1095021
1095022
1095023
1095024
1095025
1095028
1095029
1095030
1095031
1095032
1095033
1095034
1095037
1095038
1095039
1095040
1095041
1095042
1095043
1095044
1095045
1095046
1095047
1095048
1095049
1095050
1095051
1095053
1095054
1095056
1095058
1095059
1095060
1095061
1095062
1095063
1095065
1095066
1095067
1095068
1095069
1095071
1095072
1095073
1095074
1095078
1095080
1095081
1095083
1095084
1095085
1095086
1095087
1095089
1095090
1095091
1095092
1095093
1095094
1095095
1095096
1095097
1095099
1095100
1095104
1095107
1095108
1095109
1095110
1095111
1095112
1095114
1095115
1095116
1095117
1095118
1095120
1095121
1095122
1095124
1095125
1095126
1095127
1095129
1095130
1095131
1095132
1095133
1095134
1095136
1095137
1095138
1095141
1095145
1095146
1095147
1095148
1095149
1095150
1095151
1095153
1095154
1095155
1095156
1095157
1095158
1095160
1095161
1095162
1095163
1095164
1095165
1095166
1095167
1095168
1095169
1095170
1095171
1095172
1095173
1095174
1095175
1095176
1095177
1095178
1095179
1095180
1095182
1095183
1095184
1095185
1095187
1095188
1095189
1095190
1095191
1095192
1095193
1095195
1095196
1095197
1095198
1095199
1095200
1095201
1095202
1095203
1095204
1095205
1095206
1095207
1095208
1095209
1095210
1095211
1095212
1095213
1095214
1095216
1095217
1095218
1095219
1095220
1095221
1095222
1095224
1095225
1095226
1095228
1095229
1095230
1095231
1095232
1095233
1095234
1095235
1095236
1095238
1095241
1095242
1095244
1095245
1095246
1095247
1095248
1095249
1095251
1095252
1095253
1095254
1095255
1095256
1095257
1095258
1095259
1095260
1095262
1095264
1095267
1095268
1095269
1095270
1095271
1095273
1095274
1095276
1095277
1095279
1095280
1095281
1095282
1095283
1095284
1095285
1095287
1095288
1095289
1095290
1095313
1095314
1095315
1095316
1095317
1095318
1095319
1095320
1095321
1095322
1095323
1095324
1095325
1095326
1095327
1095328
1095330
1095331
1095332
1095333
1095334
1095335
1095336
1095337
1095338
1095339
1095340
1095341
1095342
1095343
1095344
1095345
1095346
1095347
1095348
1095349
1095350
1095351
1095352
1095353
1095354
1095355
1095356
1095357
1095358
1095359
1095360
1095361
1095362
1095363
1095364
1095365
1095366
1095367
1095368
1095369
1095370
1095371
1095372
1095373
1095374
1095375
1095376
1095377
1095378
1095379
1095380
1095381
1095382
1095383
1095384
1095385
1095386
1095387
1095388
1095389
1095390
1095391
1095392
1095393
1095394
1095395
1095396
1095397
1095398
1095399
1095400
1095401
1095402
1095403
1095404
1095405
1095406
1095407
1095408
1095409
1095410
1095411
1095412
1095413
1095414
1095415
1095416
1095417
1095418
1095419
1095420
1095421
1095422
1095423
1095424
1095425
1095426
1095427
1095428
1095429
1095430
1095431
1095432
1095433
1095434
1095435
1095436
1095437
1095438
1095439
1095440
1095441
1095447
1095453
1095520
1095521
1095522
1095523
1095524
1095525
1095526
1095527
1095528
1095529
1095530
1095531
1095532
1095533
1095534
1095535
1095536
1095537
1095538
1095539
1095540
1095542
1095543
1095544
1095545
1095546
1095547
1095548
1095549
1095550
1095551
1095552
1095553
1095554
1095555
1095556
1095557
1095558
1095559
1095560
1095561
1095562
1095563
1095590
1095592
1095593
1095594
1095595
1095599
1095600
1095601
1095625
1095626
1095627
1095628
1095629
1095670
1095671
1095672
1095673
1095674
1095675
1095676
1095677
1095678
1095679
1095680
1095681
1095682
1095683
1095684
1095685
1095686
1095687
1095688
1095689
1095690
1095691
1095692
1095693
1095694
1095695
1095696
1095697
1095698
1095699
1095700
1095701
1095702
1095760
1095761
1095762
1095763
1095764
1095765
1095766
1095767
1095768
1095769
1095770
1095771
1095772
1095773
1095774
1095775
1095777
1095778
1095779
1095780
1095925
1095926
1095927
1095928
1095929
1095930
1095931
1095932
1095933
1095934
1095935
1095936
1095937
1095938
1095939
1095940
1095941
1095942
1095943
1095944
1095945
1095946
1095947
1095948
1095949
1095950
1095951
1095952
1095953
1095954
1095955
1095956
1095957
1095958
1095959
1095960
1095961
1095962
1095963
1095964
1095965
1095966
1095967
1095968
1095969
1095970
1095971
1095972
1095973
1095974
1095975
1095976
1095977
1095978
1095979
1095980
1095981
1095982
1095983
1095984
1095985
1095986
1095987
1095988
1095989
1095990
1095991
1095992
1095993
1095994
1095995
1095996
1095997
1095998
1095999
1096000
1096001
1096002
1096003
1096004
1096005
1096006
1096007
1096008
1096009
1096010
1096011
1096012
1096013
1096014
1096015
1096016
1096017
1096018
1096019
1096020
1096021
1096022
1096023
1096024
1096025
1096026
1096027
1096028
1096029
1096030
1096031
1096032
1096033
1096034
1096035
1096036
1096037
1096038
1096039
1096040
1096041
1096042
1096043
1096044
1096045
1096046
1096047
1096048
1096049
1096050
1096051
1096052
1096053
1096054
1096055
1096056
1096057
1096058
1096059
1096060
1096061
1096062
1096063
1096064
1096065
1096066
1096156
1096157
1096158
1096159
1096160
1096161
1096162
1096163
1096164
1096165
1096166
1096167
1096168
1096169
1096170
1096171
1096172
1096173
1096174
1096175
1096176
1096177
1096178
1096179
1096180
1096181
1096182
1096183
1096184
1096185
1096186
1096187
1096188
1096189
1096190
1096275
1096276
1096277
1096278
1096279
1096280
1096281
1096282
1096283
1096284
1096285
1096286
1096287
1096288
1096289
1096290
1096291
1096292
1096293
1096294
1096296
1096298
1096371
1096372
1096373
1096374
1096375
1096376
1096377
1096378
1096379
1096380
1096381
1096382
1096383
1096384
1096385
1096386
1096387
1096388
1096389
1096390
1096391
1096392
1096393
1096394
1096395
1096396
1096397
1096398
1096399
1096400
1096401
1096402
1096403
1096406
1096407
1096408
1096409
1096410
1096411
1096412
1096413
1096414
1096415
1096416
1096417
1096418
1096419
1096420
1096421
1096422
1096423
1096424
1096425
1096426
1096427
1096428
1096429
1096430
1096431
1096432
1096433
1096434
1096435
1096436
1096437
1096438
1096439
1096440
1096441
1096442
1096443
1096444
1096445
1096446
1096447
1096448
1096449
1096450
1096451
1096452
1096453
1096454
1096455
1096456
1096457
1096458
1096459
1096460
1096461
1096462
1096463
1096464
1096465
1096485
1096486
1096487
1096488
1096489
1096490
1096491
1096492
1096493
1096494
1096495
1096496
1096497
1096498
1096499
1096500
1096501
1096502
1096503
1096504
1096505
1096506
1096507
1096508
1096509
1096510
1096511
1096512
1096513
1096514
1096515
1096516
1096517
1096518
1096519
1096520
1096521
1096522
1096523
1096524
1096525
1096526
1096527
1096555
1096556
1096557
1096558
1096559
1096560
1096561
1096562
1096563
1096564
1096565
1096566
1096567
1096568
1096569
1096570
1096571
1096572
1096573
1096574
1096575
1096576
1096577
1096578
1096579
1096580
1096581
1096582
1096583
1096584
1096585
1096586
1096587
1096588
1096589
1096590
1096591
1096592
1096593
1096594
1096595
1096596
1096597
1096598
1096599
1096600
1096601
1096602
1096603
1096604
1096605
1096606
1096607
1096608
1096609
1096610
1096611
1096612
1096613
1096614
1096615
1096616
1096617
1096618
1096619
1096620
1096621
1096622
1096623
1096624
1096625
1096626
1096627
1096628
1096629
1096630
1096632
1096633
1096634
1096635
1096636
1096637
1096638
1096640
1096641
1096642
1096643
1096644
1096645
1096646
1096647
1096648
1096649
1096650
1096651
1096652
1096653
1096654
1096655
1096656
1096657
1096658
1096659
1096660
1096661
1096662
1096663
1096664
1096673
1096745
1096746
1096747
1096748
1096749
1096750
1096751
1096752
1096753
1096754
1096755
1096756
1096757
1096758
1096759
1096760
1096761
1096762
1096763
1096764
1096765
1096766
1096767
1096768
1096769
1096770
1096771
1096772
1096773
1096774
1096775
1096776
1096777
1096778
1096779
1096780
1096781
1096782
1096783
1096784
1096785
1096786
1096787
1096788
1096789
1096790
1096791
1096792
1096793
1096794
1096795
1096796
1096797
1096798
1096799
1096800
1096801
1096802
1096803
1096804
1096805
1096806
1096807
1096808
1096809
1096810
1096811
1096812
1096813
1096814
1096837
1096839
1096841
1096845
1096847
1096848
1096849
1096852
1096856
1096860
1096861
1096862
1096865
1096866
1096871
1096872
1096873
1096878
1096879
1096880
1096890
1096891
1096898
1096901
1096907
1096910
1096913
1096917
1096918
1096922
1096923
1096930
1096931
1096933
1096935
1096937
1096939
1096941
1096944
1096946
1096962
1096963
1096964
1096965
1096966
1096967
1096968
1096969
1096970
1096971
1096972
1096973
1096977
1096978
1096979
1096981
1096983
1096984
1096985
1096987
1096988
1096989
1096990
1096991
1096992
1096994
1096996
1096997
1096999
1097000
1097001
1097002
1097004
1097006
1097007
1097008
1097009
1097011
1097013
1097014
1097015
1097016
1097017
1097018
1097019
1097020
1097021
1097023
1097024
1097026
1097027
1097028
1097029
1097031
1097032
1097033
1097034
1097035
1097036
1097037
1097038
1097039
1097040
1097041
1097043
1097044
1097045
1097046
1097047
1097049
1097050
1097051
1097054
1097056
1097057
1097058
1097059
1097060
1097063
1097064
1097066
1097067
1097068
1097069
1097070
1097074
1097077
1097078
1097079
1097080
1097081
1097082
1097083
1097084
1097085
1097087
1097088
1097089
1097090
1097091
1097093
1097094
1097095
1097096
1097099
1097100
1097101
1097102
1097103
1097105
1097106
1097107
1097108
1097109
1097110
1097111
1097112
1097113
1097114
1097115
1097116
1097117
1097118
1097119
1097120
1097122
1097123
1097124
1097279
1097280
1097282
1097284
1097288
1097291
1097292
1097295
1097296
1097297
1097298
1097299
1097300
1097301
1097302
1097303
1097304
1097305
1097306
1097307
1097308
1097309
1097310
1097311
1097312
1097313
1097314
1097315
1097316
1097317
1097318
1097319
1097320
1097321
1097322
1097323
1097324
1097325
1097326
1097327
1097328
1097329
1097330
1097331
1097332
1097333
1097334
1097335
1097336
1097337
1097338
1097339
1097340
1097341
1097342
1097343
1097344
1097345
1097346
1097347
1097348
1097349
1097350
1097351
1097352
1097353
1097354
1097355
1097356
1097357
1097358
1097359
1097360
1097361
1097362
1097363
1097364
1097365
1097366
1097367
1097368
1097369
1097370
1097371
1097372
1097373
1097374
1097375
1097376
1097377
1097378
1097379
1097380
1097381
1097382
1097383
1097384
1097385
1097386
1097387
1097388
1097389
1097390
1097391
1097392
1097393
1097394
1097395
1097396
1097397
1097398
1097399
1097400
1097401
1097402
1097403
1097415
1097437
1097438
1097439
1097443
1097447
1097448
1097449
1097450
1097451
1097452
1097453
1097454
1097455
1097456
1097457
1097458
1097459
1097460
1097461
1097462
1097463
1097464
1097465
1097466
1097467
1097468
1097469
1097470
1097471
1097472
1097473
1097474
1097475
1097476
1097477
1097478
1097479
1097480
1097481
1097482
1097483
1097484
1097485
1097486
1097487
1097488
1097489
1097490
1097491
1097492
1097493
1097494
1097495
1097496
1097497
1097498
1097499
1097504
1097521
1097522
1097527
1097528
1097530
1097532
1097533
1097535
1097536
1097537
1097538
1097539
1097540
1097541
1097542
1097543
1097544
1097545
1097546
1097547
1097549
1097550
1097551
1097552
1097553
1097554
1097555
1097556
1097558
1097559
1097560
1097562
1097563
1097565
1097567
1097568
1097570
1097571
1097572
1097574
1097575
1097576
1097577
1097578
1097579
1097581
1097582
1097583
1097584
1097586
1097587
1097589
1097590
1097591
1097592
1097595
1097596
1097597
1097598
1097599
1097600
1097602
1097603
1097604
1097605
1097606
1097607
1097608
1097609
1097610
1097611
1097612
1097613
1097614
1097615
1097616
1097617
1097618
1097619
1097620
1097622
1097623
1097625
1097626
1097628
1097630
1097631
1097633
1097634
1097635
1097636
1097637
1097640
1097641
1097644
1097645
1097646
1097648
1097649
1097650
1097651
1097652
1097653
1097654
1097655
1097656
1097658
1097659
1097661
1097662
1097663
1097664
1097665
1097666
1097667
1097668
1097670
1097671
1097673
1097674
1097675
1097676
1097677
1097678
1097679
1097680
1097681
1097683
1097684
1097686
1097687
1097688
1097690
1097691
1097692
1097693
1097694
1097695
1097696
1097697
1097698
1097700
1097701
1097702
1097704
1097705
1097706
1097707
1097709
1097710
1097711
1097712
1097713
1097714
1097715
1097716
1097718
1097719
1097721
1097722
1097723
1097724
1097725
1097731
1097732
1097733
1097735
1097736
1097737
1097738
1097739
1097740
1097742
1097743
1097744
1097746
1097747
1097748
1097749
1097750
1097751
1097752
1097753
1097754
1097755
1097756
1097757
1097758
1097759
1097760
1097761
1097762
1097763
1097764
1097765
1097766
1097767
1097768
1097769
1097771
1097772
1097774
1097776
1097777
1097778
1097779
1097781
1097782
1097783
1097786
1097787
1097788
1097789
1097790
1097791
1097793
1097794
1097795
1097796
1097797
1097798
1097800
1097801
1097802
1097803
1097805
1097806
1097807
1097808
1097809
1097810
1097812
1097813
1097815
1097816
1097817
1097818
1097820
1097821
1097822
1097823
1097824
1097825
1097827
1097828
1097829
1097830
1097832
1097833
1097834
1097835
1097837
1097838
1097839
1097840
1097841
1097842
1097843
1097845
1097846
1097847
1097848
1097850
1097851
1097852
1097853
1097854
1097855
1097856
1097859
1097860
1097861
1097862
1097863
1097864
1097866
1097867
1097868
1097873
1097877
1097878
1097879
1097880
1097884
1097885
1097886
1097887
1097888
1097890
1097891
1097892
1097893
1097894
1097895
1097897
1097899
1097900
1097901
1097902
1097903
1097905
1097906
1097907
1097908
1097909
1097910
1097913
1097915
1097917
1097918
1097920
1097921
1097922
1097923
1097924
1097925
1097926
1097927
1097930
1097932
1097933
1097934
1097935
1097938
1097939
1097940
1097941
1097942
1097943
1097944
1097945
1097946
1097948
1097949
1097950
1097951
1097952
1097953
1097954
1097955
1097957
1097958
1097959
1097960
1097963
1097964
1097965
1097966
1097969
1097971
1097972
1097973
1097975
1097977
1097978
1097979
1097980
1097981
1097983
1097984
1097985
1097986
1097989
1097990
1097991
1097993
1097994
1097995
1097996
1097997
1097998
1098000
1098001
1098003
1098005
1098007
1098008
1098010
1098011
1098012
1098013
1098014
1098016
1098018
1098019
1098020
1098021
1098022
1098023
1098026
1098027
1098028
1098029
1098030
1098031
1098032
1098033
1098034
1098035
1098036
1098037
1098038
1098039
1098040
1098041
1098042
1098043
1098044
1098045
1098046
1098047
1098049
1098050
1098051
1098052
1098054
1098055
1098056
1098057
1098058
1098059
1098060
1098061
1098062
1098063
1098064
1098065
1098066
1098068
1098069
1098070
1098074
1098075
1098076
1098077
1098078
1098079
1098081
1098082
1098083
1098084
1098085
1098086
1098087
1098088
1098089
1098090
1098091
1098092
1098093
1098094
1098095
1098096
1098097
1098098
1098099
1098100
1098102
1098104
1098105
1098106
1098107
1098108
1098109
1098110
1098112
1098113
1098114
1098115
1098118
1098119
1098121
1098122
1098124
1098126
1098127
1098128
1098129
1098130
1098131
1098132
1098133
1098135
1098136
1098137
1098138
1098140
1098142
1098143
1098145
1098147
1098148
1098149
1098150
1098152
1098153
1098154
1098155
1098156
1098158
1098159
1098162
1098164
1098165
1098166
1098167
1098168
1098169
1098170
1098174
1098175
1098176
1098177
1098178
1098181
1098182
1098183
1098184
1098185
1098186
1098187
1098189
1098190
1098191
1098196
1098197
1098198
1098199
1098200
1098201
1098202
1098205
1098208
1098209
1098210
1098211
1098212
1098213
1098214
1098215
1098216
1098217
1098218
1098219
1098220
1098221
1098222
1098223
1098224
1098225
1098226
1098227
1098228
1098229
1098230
1098231
1098232
1098233
1098235
1098236
1098239
1098240
1098243
1098244
1098245
1098246
1098247
1098249
1098251
1098252
1098253
1098254
1098255
1098256
1098257
1098259
1098264
1098265
1098267
1098268
1098269
1098270
1098271
1098274
1098275
1098276
1098277
1098278
1098280
1098281
1098282
1098283
1098284
1098285
1098286
1098287
1098289
1098291
1098292
1098293
1098294
1098297
1098298
1098299
1098301
1098303
1098304
1098306
1098309
1098310
1098365
1098366
1098367
1098368
1098369
1098370
1098371
1098372
1098373
1098374
1098375
1098376
1098377
1098378
1098379
1098380
1098381
1098382
1098383
1098384
1098385
1098386
1098387
1098388
1098389
1098390
1098391
1098393
1098394
1098395
1098396
1098397
1098410
1098417
1098418
1098419
1098420
1098421
1098422
1098475
1098479
1098480
1098605
1098607
1098619
1098774
1098775
1098776
1098777
1098780
1098781
1098782
1098802
1098804
1098806
1098807
1098808
1098809
1098810
1098812
1098813
1098816
1098818
1098819
1098820
1098821
1098822
1098823
1098824
1098825
1098836
1098837
1098838
1098839
1098841
1098842
1098843
1098844
1098845
1098846
1098847
1098848
1098849
1098850
1098851
1098852
1098853
1098854
1098855
1098856
1098857
1098858
1098859
1098860
1098861
1098862
1098877
1098878
1098879
1098880
1098881
1098882
1098883
1098884
1098885
1098886
1098887
1098888
1098889
1098890
1098891
1098892
1098893
1098894
1098895
1098896
1098897
1098898
1098899
1098900
1098901
1098902
1098903
1098904
1098905
1098906
1098907
1098908
1098909
1098910
1098911
1098912
1098913
1098914
1098915
1098916
1098917
1098918
1098919
1098920
1098921
1098922
1098923
1098924
1098925
1098926
1098927
1098928
1098929
1098930
1098931
1098932
1098933
1098934
1098935
1098936
1098937
1098938
1098939
1098940
1098941
1098942
1098943
1098944
1098945
1098946
1098947
1098948
1098949
1098950
1098951
1098952
1098953
1098954
1098955
1098956
1098957
1098958
1098959
1098960
1098961
1098962
1098963
1098964
1098965
1098966
1098970
1098972
1098973
1098974
1098975
1098976
1098982
1098983
1098984
1098985
1098986
1098988
1099125
1099209
1099211
1099212
1099294
1099295
1099296
1099297
1099298
1099299
1099300
1099301
1099302
1099387
1099397
1099402
1099417
1099418
1099419
1099420
1099421
1099423
1099424
1099425
1099426
1099427
1099428
1099429
1099430
1099431
1099432
1099433
1099434
1099435
1099436
1099437
1099438
1099439
1099440
1099441
1099442
1099443
1099444
1099445
1099446
1099447
1099448
1099449
1099450
1099451
1099452
1099453
1099454
1099455
1099456
1099457
1099458
1099459
1100138
1100139
1100140
1100141
1100143
1100144
1100146
1100147
1100148
1100149
1100150
1100151
1100152
1100153
1100154
1100155
1100156
1100157
1100162
1100163
1100164
1100165
1100166
1100167
1100168
1100169
1100170
1100171
1100181
1100182
1100183
1100184
1100185
1100186
1100187
1100188
1100189
1100190
1100191
1100192
1100193
1100194
1100195
1100196
1100197
1100198
1100199
1100200
1100201
1100202
1100203
1100204
1100205
1100206
1100207
1100208
1100209
1100210
1100211
1100212
1100213
1100214
1100215
1101977
1103188
1108412
1109404
1116420
1116421
1116422
1116424
1116425
1116479
1116496
1116497
1117648
1117652
1117653
1117654
1117658
1117659
1117660
1117664
1117665
1117774
1117775
1117776
1117777
1117804
1117805
1117806
1117819
1117826
1117851
1117853
1117854
1117855
1117858
1117871
1117882
1117896
1117897
1117898
1117900
1117902
1117903
1117906
1117907
1117910
1117911
1117912
1117913
1117914
1117915
1117916
1117917
1117919
1117920
1117924
1117925
1117926
1117927
1117928
1117929
1117931
1117953
1117958
1118108
1118110
1118113
1118114
1118115
1118116
1118244
1118245
1118246
1118287
1118288
1118289
1118290
1118291
1118292
1118308
1118309
1118311
1118325
1118327
1118331
1118332
1118337
1118340
1118341
1118342
1118351
1118368
1118378
1118381
1118386
1118387
1118391
1118422
1118463
1118473
1118479
1118482
1118483
1118484
1118486
1118493
1118494
1118495
1118496
1118497
1118498
1118499
1118507
1118520
1118522
1118526
1118538
1118540
1118541
1118547
1118590
1118602
1118620
1118622
1118641
1118642
1118643
1118644
1118647
1118648
1118651
1118652
1118653
1118654
1118655
1118656
1118657
1118658
1118684
1118686
1118687
1118688
1118689
1118690
1118691
1118692
1118693
1118694
1118695
1118696
1118697
1118698
1118700
1118701
1118702
1118703
1118704
1118705
1118706
1118746
1118747
1118748
1118749
1118750
1118751
1118752
1118753
1118754
1118755
1118756
1118758
1118759
1118760
1118761
1118764
1118765
1118767
1118769
1118770
1118772
1118776
1118780
1118781
1118785
1118786
1118787
1118789
1118791
1118792
1118794
1118795
1118796
1118797
1118798
1118801
1118802
1118803
1118806
1118808
1118809
1118812
1118817
1118818
1118820
1118824
1118825
1118826
1118829
1118830
1118831
1118835
1118836
1118837
1118840
1118842
1118845
1118847
1118848
1118850
1118851
1118853
1118854
1118855
1118856
1118857
1118859
1118861
1118862
1118863
1118864
1118865
1118866
1118867
1118868
1118870
1118871
1118872
1118873
1118875
1118876
1118916
1118917
1118918
1118919
1118920
1118921
1118923
1118940
1118941
1118946
1118947
1119000
1119001
1119002
1119003
1119004
1119005
1119006
1119007
1119008
1119009
1119010
1119011
1119012
1119013
1119014
1119015
1119016
1119017
1119018
1119019
1119020
1119021
1119022
1119023
1119024
1119025
1119026
1119027
1119028
1119029
1119030
1119031
1119032
1119033
1119034
1119035
1119036
1119037
1119038
1119039
1119040
1119041
1119042
1119043
1119044
1119045
1119046
1119047
1119048
1119049
1119050
1119051
1119052
1119053
1119054
1119055
1119056
1119057
1119058
1119059
1119060
1119061
1119062
1119063
1119064
1119065
1119066
1119067
1119068
1119069
1119070
1119071
1119072
1119073
1119074
1119075
1119076
1119077
1119078
1119079
1119080
1119081
1119082
1119083
1119084
1119085
1119086
1119087
1119088
1119089
1119090
1119091
1119092
1119093
1119094
1119095
1119096
1119097
1119098
1119099
1119100
1119101
1119102
1119103
1119104
1119105
1119106
1119107
1119108
1119109
1119110
1119111
1119112
1119113
1119114
1119115
1119116
1119117
1119118
1119119
1119120
1119121
1119122
1119123
1119124
1119125
1119126
1119127
1119128
1119129
1119130
1119131
1119134
1119136
1119137
1119144
1119145
1119148
1119149
1119150
1119151
1119152
1119153
1119154
1119158
1119164
1119169
1119170
1119171
1119174
1119207
1119210
1119214
1119228
1119234
1119238
1119239
1119240
1119244
1119245
1119246
1119249
1119250
1119254
1119255
1119256
1119260
1119261
1119270
1119273
1119310
1119338
1119339
1119343
1119346
1119356
1119357
1119358
1119359
1119361
1119362
1119400
1119410
1119412
1119430
1119435
1119438
1119439
1119441
1119442
1119444
1119453
1119454
1119455
1119461
1119465
1119567
1119764
1119768
1119770
1119772
1119774
1119872
1119893
1119972
1119973
1119975
1120004
1120005
1120006
1120007
1120009
1120010
1120011
1120012
1120013
1120014
1120015
1120016
1120017
1120018
1120019
1120020
1120021
1120022
1120023
1120024
1120025
1120026
1120027
1120028
1120029
1120030
1120031
1120032
1120033
1120034
1120035
1120036
1120037
1120038
1120039
1120040
1120041
1120042
1120043
1120044
1120045
1120046
1120047
1120048
1120049
1120050
1120051
1120052
1120053
1120054
1120055
1120056
1120057
1120058
1120059
1120060
1120061
1120062
1120063
1120064
1120065
1120066
1120067
1120068
1120069
1120070
1120071
1120072
1120073
1120074
1120075
1120076
1120077
1120078
1120079
1120080
1120081
1120082
1120083
1120084
1120085
1120086
1120087
1120088
1120089
1120090
1120091
1120092
1120093
1120094
1120095
1120096
1120097
1120098
1120099
1120100
1120101
1120102
1120103
1120104
1120106
1120107
1120108
1120112
1120113
1120114
1120115
1120116
1120117
1120118
1120119
1120120
1120121
1120122
1120123
1120124
1120125
1120126
1120128
1120129
1120130
1120131
1120132
1120134
1120135
1120136
1120137
1120138
1120139
1120140
1120141
1120142
1120143
1120144
1120145
1120146
1120147
1120148
1120149
1120150
1120151
1120152
1120153
1120154
1120155
1120156
1120157
1120158
1120159
1120160
1120161
1120162
1120163
1120164
1120165
1120166
1120167
1120168
1120169
1120170
1120171
1120172
1120173
1120174
1120176
1120177
1120178
1120179
1120180
1120181
1120182
1120183
1120184
1120185
1120186
1120187
1120188
1120189
1120190
1120191
1120192
1120193
1120194
1120195
1120196
1120197
1120198
1120199
1120200
1120201
1120202
1120203
1120204
1120205
1120206
1120207
1120208
1120209
1120210
1120211
1120212
1120213
1120214
1120215
1120216
1120217
1120218
1120219
1120220
1120221
1120222
1120223
1120224
1120225
1120226
1120227
1120228
1120229
1120261
1120263
1120264
1120265
1120266
1120267
1120268
1120269
1120270
1120271
1120272
1120273
1120274
1120275
1120276
1120277
1120280
1120281
1120282
1120283
1120284
1120285
1120286
1120287
1120288
1120289
1120290
1120291
1120292
1120293
1120294
1120295
1120296
1120297
1120299
1120300
1120301
1120302
1120303
1120304
1120305
1120306
1120307
1120308
1120309
1120310
1120311
1120312
1120313
1120314
1120316
1120317
1120318
1120319
1120320
1120321
1120322
1120323
1120324
1120325
1120326
1120327
1120328
1120329
1120330
1120331
1120332
1120333
1120334
1120335
1120336
1120337
1120338
1120339
1120340
1120341
1120342
1120343
1120344
1120345
1120346
1120347
1120348
1120349
1120350
1120353
1120354
1120355
1120356
1120357
1120358
1120359
1120360
1120361
1120362
1120363
1120364
1120365
1120366
1120367
1120368
1120369
1120370
1120371
1120372
1120383
1120384
1120385
1120386
1120387
1120389
1120395
1120396
1120397
1120398
1120399
1120400
1120401
1120402
1120403
1120404
1120405
1120406
1120407
1120408
1120409
1120410
1120411
1120412
1120413
1120414
1120415
1120416
1120417
1120418
1120419
1120420
1120421
1120422
1120423
1120424
1120425
1120426
1120427
1120428
1120429
1120430
1120431
1120432
1120433
1120434
1120435
1120436
1120437
1120438
1120439
1120440
1120441
1120442
1120443
1120444
1120445
1120446
1120447
1120448
1120449
1120450
1120451
1120452
1120453
1120454
1120455
1120456
1120457
1120458
1120459
1120460
1120461
1120462
1120463
1120464
1120465
1120466
1120467
1120468
1120469
1120470
1120471
1120472
1120473
1120474
1120475
1120476
1120477
1120478
1120479
1120480
1120481
1120482
1120483
1120484
1120485
1120486
1120487
1120488
1120489
1120490
1120491
1120492
1120493
1120494
1120495
1120496
1120497
1120498
1120499
1120500
1120501
1120502
1120503
1120504
1120505
1120506
1120507
1120508
1120509
1120510
1120511
1120512
1120513
1120514
1120515
1120516
1120517
1120518
1120519
1120520
1120521
1120522
1120523
1120524
1120526
1120528
1120529
1120530
1120531
1120532
1120533
1120534
1120535
1120536
1120537
1120538
1120539
1120540
1120541
1120542
1120544
1120545
1120546
1120547
1120548
1120549
1120550
1120551
1120552
1120553
1120554
1120556
1120557
1120558
1120559
1120560
1120561
1120562
1120563
1120564
1120565
1120566
1120567
1120568
1120569
1120570
1120571
1120572
1120573
1120574
1120575
1120576
1120577
1120578
1120579
1120580
1120581
1120582
1120583
1120584
1120585
1120586
1120587
1120588
1120589
1120590
1120591
1120592
1120593
1120594
1120595
1120596
1120597
1120600
1120602
1120603
1120604
1120608
1120609
1120611
1120612
1120617
1120619
1120620
1120621
1120622
1120623
1120624
1120625
1120627
1120634
1120635
1120636
1120637
1120638
1120640
1120642
1120644
1120645
1120650
1120652
1120653
1120654
1120656
1120657
1120658
1120659
1120660
1120661
1120662
1120663
1120664
1120665
1120666
1120667
1120668
1120669
1120670
1120671
1120672
1120673
1120674
1120675
1120676
1120677
1120678
1120679
1120680
1120681
1120682
1120683
1120684
1120685
1120699
1120700
1120701
1120714
1120715
1120716
1120717
1120718
1120719
1120720
1120721
1120722
1120723
1120724
1120729
1120730
1120731
1120732
1120733
1120734
1120735
1120736
1120737
1120738
1120739
1120740
1120741
1120742
1120743
1120744
1120745
1120746
1120747
1120748
1120749
1120750
1120751
1120752
1120753
1120754
1120755
1120756
1120757
1120760
1120761
1120762
1120763
1120764
1120765
1120766
1120767
1120768
1120769
1120770
1120771
1120772
1120773
1120774
1120775
1120776
1120777
1120778
1120779
1120789
1120790
1120791
1120792
1120793
1120798
1120804
1120822
1120916
1120969
1120972
1120973
1120974
1120975
1120976
1120977
1120978
1120979
1120980
1120981
1120982
1120983
1120984
1120985
1120986
1120987
1120988
1120989
1120990
1120991
1120992
1120993
1120994
1120995
1120996
1120997
1120998
1120999
1121000
1121001
1121002
1121003
1121004
1121005
1121006
1121007
1121008
1121009
1121010
1121011
1121012
1121013
1121014
1121015
1121016
1121017
1121018
1121019
1121020
1121021
1121022
1121023
1121024
1121025
1121026
1121027
1121028
1121029
1121030
1121032
1121033
1121034
1121035
1121036
1121037
1121038
1121045
1121046
1121065
1121075
1121076
1121077
1121078
1121079
1121080
1121081
1121089
1121091
1121092
1121094
1121106
1121107
1121108
1121109
1121115
1121122
1121441
1121443
1121454
1121461
1121462
1121463
1121464
1121763
1121774
1121788
1121789
1121790
1121806
1121814
1121820
1121821
1121822
1121823
1121826
1121827
1121828
1121844
1121851
1121855
1121859
1121860
1121862
1121863
1121867
1121887
1121924
1121943
1121956
1121965
1121978
1122120
1122190
1122191
1122194
1122202
1122203
1122213
1122216
1122397
1122427
1122431
1122432
1122433
1122434
1122435
1122436
1122437
1122438
1122439
1122440
1122441
1122442
1122443
1122444
1122445
1122446
1122447
1122448
1122449
1122450
1122451
1122496
1122497
1122498
1122499
1122514
1122553
1122563
1122564
1122570
1122571
1122574
1122578
1122594
1122598
1122599
1122630
1122692
1122693
1122694
1122695
1122696
1122697
1122708
1122710
1122722
1122743
1122744
1122745
1122746
1122747
1122748
1122749
1122765
1122766
1122768
1122830
1122831
1122832
1122833
1122834
1122835
1122836
1122837
1122838
1122907
1122908
1122909
1122910
1122911
1122912
1122913
1122914
1122915
1122916
1122917
1122918
1122919
1122920
1122959
1122960
1122961
1122962
1122963
1122964
1122965
1122966
1122967
1122968
1122969
1122970
1122971
1122972
1122973
1122974
1122975
1122976
1122977
1122978
1122979
1122980
1122981
1122982
1122983
1122984
1122985
1122986
1122987
1122988
1122989
1122990
1122991
1122992
1122993
1122994
1122995
1122996
1122997
1123192
1123194
1123195
1123196
1123197
1123203
1123231
1123342
1123536
1123609
1123628
1123675
1123679
1123702
1123704
1123714
1123720
1123732
1123733
1123737
1123743
1123744
1123747
1123777
1123778
1123809
1123827
1123831
1123835
1123859
1123878
1123879
1123897
1123906
1123908
1124001
1124043
1124044
1124046
1124047
1124049
1124056
1124074
1124079
1124083
1124095
1124096
1124102
1124110
1124112
1124131
1124138
1124142
1124155
1124158
1124162
1124163
1124165
1124167
1124171
1124174
1124176
1124178
1124179
1124184
1124189
1124196
1124200
1124225
1124227
1124231
1124243
1124246
1124247
1124254
1124256
1124279
1124280
1124282
1124285
1124291
1124295
1124307
1124325
1124346
1124347
1124349
1124361
1124366
1124373
1124380
1124381
1124382
1124383
1124384
1124385
1124389
1124417
1124420
1124421
1124445
1124451
1124452
1124459
1124462
1124467
1124470
1124488
1124489
1124493
1124502
1124505
1124511
1124512
1124514
1124516
1124518
1124524
1124556
1124583
1124608
1124622
1124628
1124634
1124665
1124669
1124673
1124690
1124701
1124712
1124720
1124721
1124729
1124743
1124766
1124781
1124783
1124784
1124786
1124788
1124797
1124806
1124807
1124809
1124832
1124850
1124851
1124856
1124868
1124870
1124873
1124877
1124882
1124891
1124892
1124895
1124899
1124904
1124910
1124917
1124927
1124936
1124941
1124943
1124947
1124953
1124956
1124966
1124988
1124995
1124997
1125003
1125005
1125010
1125050
1125051
1125057
1125093
1125100
1125128
1125133
1125137
1125163
1125165
1125175
1125178
1125181
1125189
1125191
1125193
1125207
1125239
1125255
1125258
1125266
1125267
1125277
1125285
1125306
1125313
1125318
1125319
1125320
1125322
1125327
1125329
1125352
1125353
1125361
1125370
1125376
1125379
1125384
1125385
1125386
1125388
1125389
1125391
1125404
1125418
1125437
1125438
1125439
1125451
1125471
1125495
1125504
1125505
1125506
1125530
1125532
1125543
1125577
1125579
1125582
1125585
1125591
1125595
1125597
1125612
1125614
1125619
1125629
1125639
1125657
1125658
1125659
1125661
1125695
1125701
1125719
1125733
1125781
1125792
1125816
1125821
1125843
1125848
1125852
1125881
1125882
1125903
1125904
1125905
1125918
1125927
1125928
1125935
1125937
1125938
1125947
1125955
1125972
1125973
1125979
1125982
1125987
1125988
1125989
1125992
1125995
1126001
1126006
1126011
1126018
1126040
1126064
1126112
1126113
1126114
1126177
1126195
1126196
1126200
1126201
1126214
1126217
1126229
1126233
1126237
1126244
1126248
1126254
1126255
1126261
1126264
1126268
1126282
1126298
1126299
1126305
1126306
1126311
1126313
1126328
1126336
1126337
1126338
1126342
1126354
1126356
1126360
1126364
1126371
1126380
1126383
1126390
1126399
1126404
1126407
1126413
1126424
1126431
1126433
1126436
1126437
1126438
1126441
1126449
1126453
1126457
1126460
1126461
1126482
1126486
1126491
1126494
1126505
1126508
1126525
1126526
1126546
1126547
1126549
1126552
1126554
1126557
1126559
1126561
1126566
1126570
1126573
1126575
1126578
1126582
1126591
1126593
1126603
1126618
1126620
1126621
1126622
1126628
1126630
1126633
1126634
1126635
1126641
1126684
1126704
1126708
1126709
1126712
1126716
1126729
1126733
1126735
1126738
1126739
1126740
1126741
1126746
1126769
1126779
1126798
1126799
1126800
1126802
1126806
1126810
1126813
1126830
1126857
1126858
1126865
1126872
1126876
1126890
1126895
1126916
1126918
1126927
1126928
1126930
1126943
1126944
1126952
1126956
1126958
1126976
1126978
1126999
1127028
1127031
1127044
1127069
1127073
1127088
1127094
1127100
1127119
1127140
1127153
1127156
1127168
1127169
1127189
1127190
1127191
1127219
1127228
1127233
1127235
1127236
1127238
1127245
1127252
1127288
1127297
1127300
1127322
1127323
1127326
1127330
1127341
1127345
1127351
1127353
1127365
1127367
1127368
1127379
1127381
1127389
1127395
1127396
1127398
1127400
1127401
1127406
1127445
1127446
1127449
1127450
1127470
1127474
1127478
1127488
1127489
1127501
1127524
1127526
1127528
1127547
1127551
1127559
1127570
1127572
1127573
1127582
1127583
1127591
1127597
1127782
1127785
1127788
1127794
1127798
1127799
1127800
1127802
1127807
1127809
1127814
1127815
1127816
1127827
1127836
1127840
1127855
1127860
1127865
1127866
1127870
1127893
1127904
1127905
1127906
1127914
1127916
1127917
1127927
1127930
1127932
1127933
1127934
1127935
1127937
1127938
1127939
1127941
1127942
1127955
1127960
1127961
1128023
1128033
1128039
1128042
1128045
1128049
1128059
1128060
1128068
1128071
1128072
1128082
1128088
1128094
1128097
1128098
1128103
1128110
1128114
1128115
1128116
1128118
1128120
1128122
1128127
1128133
1128139
1128141
1128144
1128149
1128164
1128169
1128170
1128375
1128405
1128496
1128503
1128507
1128537
1128556
1128568
1128570
1128597
1128605
1128656
1128671
1128700
1128713
1128715
1128721
1128728
1128752
1128756
1128854
1128859
1128887
1128888
1128889
1128890
1128898
1128899
1128901
1128924
1128945
1128950
1128956
1128969
1128977
1128978
1128983
1128984
1128985
1129003
1129008
1129015
1129016
1129021
1129026
1129027
1129032
1129033
1129034
1129036
1129037
1129040
1129064
1129066
1129067
1129068
1129073
1129079
1129080
1129081
1129082
1129085
1129088
1129124
1129126
1129127
1129128
1129132
1129134
1129143
1129144
1129169
1129170
1129174
1129196
1129209
1129212
1129218
1129221
1129225
1129231
1129247
1129251
1129252
1129263
1129266
1129284
1129289
1129291
1129292
1129294
1129298
1129308
1129315
1129330
1129332
1129342
1129355
1129357
1129361
1129364
1129378
1129379
1129397
1129402
1129409
1129413
1129418
1129419
1129426
1129445
1129451
1129452
1129458
1129482
1129483
1129497
1129509
1129516
1129519
1129521
1129524
1129527
1129528
1129530
1129531
1129532
1129533
1129534
1129547
1129552
1129554
1129555
1129558
1129570
1129580
1129598
1129603
1129613
1129617
1129625
1129633
1129638
1129643
1129647
1129648
1129666
1129671
1129672
1129675
1129677
1129679
1129680
1129686
1129687
1129706
1129707
1129709
1129712
1129721
1129731
1129749
1129751
1129754
1129755
1129759
1129777
1129782
1129796
1129804
1129805
1129817
1129818
1129823
1129834
1129848
1129851
1129886
1129908
1129914
1129923
1129929
1129944
1129951
1129952
1129953
1129958
1129960
1129963
1129969
1129980
1129981
1129985
1129991
1129994
1129999
1130002
1130018
1130020
1130025
1130026
1130028
1130029
1130030
1130031
1130032
1130034
1130038
1130044
1130047
1130048
1130050
1130051
1130068
1130082
1130089
1130092
1130093
1130098
1130113
1130114
1130122
1130124
1130130
1130131
1130162
1130163
1130164
1130167
1130175
1130176
1130190
1130205
1130216
1130222
1130224
1130233
1130234
1130235
1130240
1130241
1130242
1130249
1130250
1130253
1130337
1130338
1130339
1130421
1130423
1130424
1130425
1130430
1130437
1130449
1130587
1130588
1130589
1130590
1130686
1130687
1130688
1130689
1130690
1130691
1130692
1130694
1130696
1130698
1130699
1130702
1130716
1130774
1130778
1130779
1130787
1130835
1130877
1130885
1130889
1130896
1130899
1130905
1130908
1130911
1130912
1130941
1130962
1130965
1130966
1130977
1130983
1130985
1130989
1130990
1130991
1130998
1131000
1131034
1131053
1131101
1131102
1131103
1131129
1131134
1131137
1131142
1131146
1131158
1131168
1131189
1131190
1131191
1131208
1131209
1131215
1131222
1131229
1131257
1131262
1131281
1131293
1131301
1131310
1131315
1131321
1131326
1131329
1131332
1131339
1131342
1131346
1131347
1131351
1131352
1131359
1131360
1131361
1131369
1131378
1131403
1131404
1131422
1131439
1131445
1131458
1131460
1131479
1131481
1131483
1131489
1131497
1131505
1131514
1131558
1131596
1131597
1131619
1131620
1131646
1131658
1131662
1131696
1131698
1131729
1131734
1131737
1131739
1131742
1131743
1131745
1131771
1131776
1131790
1131805
1131806
1131819
1131841
1131846
1131883
1131918
1131919
1131921
1131925
1131940
1131943
1131955
1131964
1131975
1132042
1132054
1132159
1132161
1132172
1132181
1132183
1132184
1132187
1132199
1132225
1132228
1132234
1132235
1132249
1132251
1132268
1132439
1132440
1132442
1132443
1132460
1132462
1132487
1132488
1132489
1132490
1132495
1132504
1132505
1132540
1132558
1132642
1132643
1132667
1132673
1132676
1132681
1132696
1132704
1132719
1132725
1132737
1132738
1132740
1132746
1132768
1132784
1132795
1132835
1132841
1132890
1132903
1132905
1132910
1132911
1132912
1132918
1132929
1132930
1133008
1133009
1133010
1133011
1133049
1133050
1133075
1133076
1133077
1133078
1133079
1133082
1133126
1133153
1133159
1133160
1133161
1133162
1133163
1133164
1133165
1133166
1133167
1133168
1133169
1133170
1133171
1133172
1133173
1133174
1133175
1133176
1133189
1133190
1133191
1133206
1133207
1133208
1133222
1133223
1133232
1133244
1133270
1133297
1133298
1133300
1133301
1133302
1133304
1133316
1133338
1133339
1133345
1133346
1133347
1133348
1133349
1133350
1133351
1133352
1133353
1133354
1133355
1133356
1133357
1133358
1133359
1133360
1133361
1133362
1133363
1133364
1133365
1133366
1133367
1133368
1133369
1133370
1133371
1133372
1133373
1133374
1133375
1133376
1133377
1133378
1133379
1133380
1133381
1133382
1133383
1133384
1133385
1133386
1133387
1133388
1133389
1133390
1133391
1133392
1133394
1133395
1133396
1133397
1133398
1133399
1133400
1133401
1133402
1133403
1133404
1133405
1133406
1133407
1133408
1133409
1133410
1133411
1133412
1133413
1133414
1133415
1133416
1133417
1133418
1133419
1133420
1133421
1133422
1133423
1133424
1133425
1133426
1133427
1133428
1133429
1133430
1133431
1133432
1133433
1133434
1133438
1133439
1133442
1133443
1133449
1133463
1133464
1133483
1133487
1133488
1133489
1133490
1133491
1133510
1133511
1133512
1133513
1133846
1133873
1133885
1133887
1133888
1133895
1133902
1133931
1133937
1133944
1133949
1133952
1133962
1133965
1133966
1133982
1133987
1133988
1133990
1133993
1133998
1134000
1134006
1134008
1134019
1134029
1134056
1134065
1134072
1134081
1134084
1134087
1134089
1134099
1134104
1134109
1134114
1134115
1134160
1134161
1134162
1134163
1134164
1134165
1134166
1134167
1134168
1134171
1134172
1134173
1134174
1134267
1134269
1134271
1134273
1134304
1134305
1134306
1134310
1134311
1134312
1134377
1134401
1134407
1134417
1134432
1134435
1134450
1134453
1134459
1134471
1134479
1134483
1134486
1134494
1134501
1134540
1134551
1134557
1134576
1134577
1134583
1134585
1134589
1134590
1134609
1134646
1134659
1134663
1134688
1134692
1134696
1134697
1134698
1134699
1134700
1134701
1134702
1134703
1134704
1134708
1134720
1134721
1134722
1134723
1134724
1134725
1134726
1134727
1134728
1134732
1134737
1134747
1134751
1134759
1134773
1134774
1134775
1134790
1134793
1134798
1134799
1134800
1134813
1134814
1134856
1134857
1134858
1134859
1134860
1134861
1134862
1134863
1134864
1134865
1134866
1134867
1134868
1134869
1134870
1134872
1134873
1134874
1134875
1134876
1134877
1134878
1134879
1134880
1134881
1134882
1134883
1134916
1134927
1134928
1134929
1134930
1134931
1134941
1134942
1134952
1134955
1134996
1135048
1135115
1135153
1135195
1135197
1135199
1135223
1135226
1135284
1135286
1135287
1135288
1135289
1135290
1135291
1135292
1135293
1135294
1135295
1135296
1135297
1135298
1135299
1135300
1135301
1135302
1135303
1135304
1135305
1135306
1135308
1135309
1135310
1135311
1135312
1135313
1135315
1135316
1135317
1135318
1135319
1135320
1135321
1135322
1135323
1135324
1135325
1135326
1135327
1135328
1135329
1135330
1135331
1135332
1135333
1135334
1135335
1135336
1135337
1135338
1135339
1135340
1135341
1135342
1135343
1135344
1135345
1135346
1135347
1135348
1135349
1135350
1135351
1135352
1135353
1135355
1135356
1135357
1135358
1135359
1135360
1135361
1135362
1135363
1135365
1135366
1135367
1135368
1135369
1135370
1135371
1135372
1135373
1135374
1135375
1135376
1135377
1135378
1135379
1135380
1135381
1135382
1135383
1135384
1135385
1135387
1135388
1135389
1135390
1135391
1135392
1135393
1135394
1135396
1135397
1135398
1135399
1135400
1135401
1135402
1135403
1135404
1135405
1135406
1135407
1135408
1135409
1135410
1135411
1135412
1135413
1135414
1135415
1135416
1135417
1135418
1135419
1135420
1135421
1135422
1135423
1135424
1135425
1135426
1135427
1135428
1135429
1135430
1135431
1135432
1135433
1135434
1135435
1135436
1135437
1135438
1135439
1135440
1135441
1135442
1135443
1135444
1135445
1135446
1135447
1135448
1135449
1135450
1135451
1135452
1135453
1135454
1135455
1135456
1135457
1135458
1135459
1135460
1135461
1135462
1135463
1135465
1135466
1135467
1135468
1135469
1135470
1135471
1135472
1135473
1135474
1135475
1135477
1135479
1135480
1135481
1135482
1135483
1135484
1135485
1135486
1135488
1135489
1135491
1135492
1135493
1135494
1135495
1135496
1135497
1135498
1135499
1135500
1135501
1135503
1135504
1135505
1135506
1135507
1135508
1135509
1135510
1135511
1135512
1135513
1135514
1135515
1135516
1135517
1135518
1135519
1135520
1135521
1135522
1135523
1135524
1135525
1135526
1135527
1135528
1135529
1135530
1135531
1135532
1135533
1135534
1135535
1135536
1135537
1135538
1135539
1135540
1135541
1135542
1135543
1135544
1135545
1135546
1135547
1135548
1135549
1135550
1135551
1135552
1135553
1135554
1135555
1135556
1135557
1135558
1135559
1135560
1135561
1135562
1135563
1135564
1135565
1135566
1135567
1135568
1135569
1135570
1135571
1135572
1135573
1135574
1135575
1135576
1135577
1135578
1135579
1135580
1135581
1135582
1135583
1135584
1135585
1135586
1135587
1135588
1135590
1135591
1135592
1135593
1135594
1135595
1135596
1135597
1135598
1135643
1135647
1135669
1135671
1135683
1135685
1135698
1135717
1135719
1135735
1135751
1135755
1135771
1135775
1135787
1135808
1135809
1135812
1135820
1135841
1135876
1135877
1135904
1135917
1135926
1135940
1135950
1135954
1135971
1135975
1135991
1135994
1136000
1136006
1136072
1136077
1136084
1136147
1136204
1136221
1136222
1136224
1136233
1136237
1136238
1136239
1136240
1136244
1136246
1136247
1136248
1136257
1136259
1136260
1136265
1136266
1136267
1136268
1136269
1136270
1136271
1136273
1136275
1136284
1136292
1136298
1136304
1136308
1136313
1136315
1136319
1136320
1136323
1136329
1136330
1136333
1136335
1136343
1136345
1136347
1136348
1136349
1136354
1136362
1136364
1136365
1136366
1136367
1136368
1136372
1136373
1136374
1136376
1136377
1136378
1136391
1136395
1136397
1136399
1136402
1136406
1136415
1136420
1136421
1136424
1136428
1136429
1136441
1136444
1136448
1136453
1136460
1136462
1136463
1136464
1136466
1136471
1136472
1136473
1136474
1136493
1136508
1136513
1136554
1136588
1136645
1136648
1136717
1136731
1136776
1136782
1136796
1136826
1136831
1136874
1136919
1136927
1136939
1136943
1136944
1136945
1137008
1137046
1137053
1137059
1137067
1137112
1137117
1137121
1137124
1137132
1137167
1137169
1137179
1137180
1137190
1137225
1137242
1137270
1137278
1137289
1137309
1137313
1137315
1137316
1137328
1137329
1137330
1137335
1137352
1137358
1137361
1137374
1137375
1137450
1137451
1137454
1137455
1137456
1137457
1137458
1137460
1137470
1137473
1137474
1137475
1137476
1137477
1137478
1137479
1137480
1137481
1137756
1137774
1137813
1137814
1137858
1137859
1137867
1137901
1137916
1137927
1137984
1138316
1138332
1138336
1138337
1138340
1138354
1138368
1138373
1138375
1138387
1138394
1138397
1138407
1138414
1138416
1138437
1138441
1138444
1138452
1138467
1138524
1138533
1138613
1138614
1138621
1138625
1138633
1138644
1138645
1138646
1138658
1138660
1138663
1138673
1138675
1138680
1138681
1138694
1138723
1138724
1138759
1138795
1138861
1138871
1138916
1138923
1138940
1138989
1139025
1139035
1139066
1139068
1139077
1139117
1139127
1139157
1139173
1139241
1139359
1139365
1139393
1139407
1139434
1139495
1139501
1139521
1139558
1139561
1139569
1139628
1139653
1139673
1139690
1139699
1139729
1139730
1139804
1139822
1139845
1139866
1139878
1139913
1139930
1139955
1139964
1139982
1139990
1140002
1140013
1140020
1140114
1140168
1140196
1140203
1140208
1140234
1140254
1140265
1140287
1140302
1140347
1140353
1140383
1140421
1140433
1140450
1140451
1140478
1140488
1140500
1140625
1140635
1140639
1140656
1140676
1140678
1140700
1140730
1140735
1140756
1140766
1140777
1140779
1140784
1140794
1140799
1140880
1140895
1140896
1140903
1140930
1140962
1140967
1140969
1140986
1140997
1140999
1141001
1141023
1141075
1141082
1141087
1141124
1141130
1141165
1141166
1141248
1141271
1141539
1141548
1141632
1144617
1144618
1144647
1144650
1144659
1144679
1144690
1144691
1144761
1144811
1144854
1144861
1144911
1144932
1144934
1144943
1144947
1144971
1144972
1144978
1144983
1144991
1144992
1145030
1145031
1145036
1145049
1145070
1145123
1145128
1145180
1145181
1145195
1145242
1145244
1145245
1145312
1145686
1145755
1145943
1145963
1145970
1145971
1146041
1146212
1146277
1146315
1146368
1146371
1146373
1146377
1146420
1146421
1146422
1146426
1146433
1146434
1146442
1146444
1146446
1146447
1146455
1146464
1146478
1146491
1146511
1146540
1146571
1146576
1146610
1146989
1147025
1147066
1147159
1147160
1147195
1147224
1147230
1147251
1147382
1147385
1147406
1147449
1147459
1147472
1147506
1147521
1147538
1147543
1147544
1147576
1147591
1147621
1147690
1147744
1147781
1147794
1147835
1147849
1147909
1147920
1147935
1147978
1147989
1147992
1148054
1148092
1148128
1148165
1148177
1148192
1148211
1148227
1148229
1148484
1148485
1148492
1148500
1148504
1148533
1148548
1148549
1148569
1148571
1148586
1148592
1148593
1148595
1148603
1148612
1148616
1148620
1148630
1148640
1148653
1148658
1148680
1148690
1148698
1148714
1148735
1148738
1148792
1148797
1148814
1148815
1148829
1148860
1148866
1148993
1149028
1149032
1149059
1149061
1149064
1149065
1149072
1149075
1149138
1149140
1149143
1149144
1149146
1149147
1149149
1149150
1149152
1149155
1149184
1149185
1149191
1149192
1149196
1149198
1149200
1149201
1149205
1149206
1149208
1149210
1149211
1149212
1149214
1149228
1149241
1149245
1149281
1149285
1149286
1149288
1149290
1149293
1149297
1149299
1149302
1149303
1149317
1149351
1149386
1149412
1149419
1149433
1149438
1149446
1149516
1149522
1149525
1149526
1149527
1149531
1149597
1149599
1149604
1149609
1149614
1149615
1149617
1149646
1149651
1149693
1149789
1149793
1149796
1149817
1149838
1149842
1149853
1149869
1149870
1149895
1149911
1149927
1149930
1149981
1149987
1150013
1150017
1150018
1150021
1150049
1150069
1150077
1150080
1150105
1150111
1150119
1150125
1150230
1150365
1150368
1150374
1150434
1150435
1150447
1150448
1150450
1150451
1150514
1150515
1150516
1150517
1150518
1150519
1150575
1150576
1150577
1150578
1150579
1150735
1150763
1150764
1150778
1150785
1150799
1150841
1150846
1150887
1150888
1150890
1150894
1150911
1150912
1150927
1150938
1150940
1150956
1150958
1150962
1150989
1150993
1150996
1151014
1151024
1151036
1151038
1151043
1151065
1151070
1151071
1151075
1151079
1151084
1151090
1151113
1151121
1151126
1151127
1151130
1151133
1151184
1151205
1151222
1151687
1151723
1151726
1152139
1152167
1152177
1152182
1152183
1152184
1152288
1152289
1152290
1152295
1152302
1152303
1152304
1152305
1152306
1152307
1152308
1152309
1152312
1152457
1152462
1152486
1152488
1152489
1152514
1152515
1152519
1152540
1152557
1152572
1152579
1152587
1152661
1152662
1152729
1153192
1153199
1153236
1153926
1153957
1153958
1153968
1154012
1154051
1154052
1154055
1154056
1154058
1154065
1154121
1154128
1154148
1154210
1154211
1154212
1154216
1154218
1154223
1154225
1154239
1154253
1154254
1155182
1155183
1155213
1155214
1155216
1155217
1155689
1155787
1155790
1155795
1155808
1155822
1155828
1155838
1155841
1155856
1155858
1155862
1155863
1155874
1155877
1155879
1155883
1155890
1155897
1155901
1155907
1155909
1155912
1155929
1155947
1155966
1155967
1156001
1156002
1156056
1156065
1156066
1156117
1156118
1156212
1156223
1156235
1156237
1156252
1156254
1156274
1156283
1156284
1156289
1156301
1156331
1156370
1156379
1156494
1156495
1156502
1156503
1156505
1156507
1156515
1156534
1157116
1157171
1157178
1157180
1157183
1157189
1157190
1157196
1157197
1157199
1157200
1157201
1157202
1157203
1157204
1157205
1157206
1157207
1157208
1157209
1157210
1157213
1157230
1157231
1157232
1157234
1157235
1157236
1157237
1157238
1157251
1157268
1157274
1157279
1157280
1157292
1157315
1157365
1157366
1157367
1157368
1157369
1157370
1157371
1157372
1157373
1157374
1157375
1157376
1157377
1157378
1157379
1157380
1157381
1157382
1157383
1157384
1157385
1157386
1157387
1157388
1157389
1157421
1157452
1157453
1157454
1157455
1157456
1157457
1157458
1157459
1157460
1157461
1157462
1157463
1157464
1157465
1157466
1157467
1157468
1157469
1157470
1157471
1157472
1157473
1157474
1157475
1157476
1157477
1157478
1157559
1157616
1157618
1157653
1157659
1157670
1157722
1157734
1157740
1158054
1158055
1158056
1158057
1158058
1158066
1158067
1158069
1158509
1158510
1158511
1158512
1158513
1158514
1158515
1158516
1158517
1158518
1160186
1160312
1160313
1160314
1160315
1160316
1160317
1160318
1160319
1160343
1160357
1160374
1160376
1160378
1160379
1160380
1160381
1160385
1160395
1160426
1163800
1163801
1163815
1163816
1163826
1164118
1164142
1164143
1164228
1164229
1164230
1164231
1164232
1164234
1164235
1164237
1164238
1164242
1164243
1164245
1164246
1164247
1164248
1164250
1164253
1164255
1164260
1164262
1164270
1164271
1164272
1164273
1164274
1164275
1164276
1164278
1164279
1164280
1164281
1164282
1164283
1164285
1164288
1164289
1164291
1164293
1164294
1164295
1164299
1164301
1164303
1164304
1164308
1164311
1164312
1164313
1164316
1164317
1164318
1164320
1164321
1164372
1164384
1164387
1164403
1164417
1164568
1164569
1164570
1164575
1164576
1164652
1164653
1164658
1164659
1164662
1164795
1164824
1164901
1164914
1164942
1164947
1165036
1165050
1165100
1165135
1165136
1165147
1165148
1165151
1165164
1165198
1165199
1165201
1165312
1165338
1170539
1170593
1170600
1170621
1170670
1170671
1170672
1170673
1170674
1170675
1170676
1170678
1170815
1170816
1170824
1170825
1170826
1170828
1170834
1170933
1170935
1170936
1170937
1170943
1170947
1170949
1170956
1170960
1170962
1170963
1170964
1170969
1170971
1170972
1170973
1170995
1171004
1171013
1171033
1171039
1171040
1171047
1171048
1171076
1171132
1171140
1171148
1171151
1171167
1171221
1171234
1171237
1171616
1171789
1171791
1171792
1171793
1171794
1171861
1171877
1171878
1171879
1171881
1171882
1171884
1171903
1171904
1172226
1172238
1172240
1172254
1172256
1172257
1172258
1172261
1172263
1172269
1172275
1172277
1172278
1172279
1172281
1172282
1172283
1172284
1172285
1172287
1172288
1172289
1172290
1172292
1172327
1172338
1172341
1173258
1173262
1173266
1173272
1173273
1173274
1173275
1173276
1173277
1173278
1173279
1173280
1173281
1173282
1173311
1173312
1173313
1173315
1173316
1173318
1173320
1173321
1173322
1173323
1173325
1173328
1173329
1173333
1173334
1173335
1173336
1173338
1173340
1173343
1173345
1173346
1173347
1173355
1173356
1173357
1173358
1173359
1173360
1173361
1173362
1173366
1173369
1173371
1173372
1173373
1173374
1173375
1173376
1173385
1173388
1173389
1173390
1173392
1173393
1173394
1173396
1173398
1173400
1173403
1173404
1173405
1173406
1173408
1173409
1173410
1173412
1173413
1173415
1173416
1173418
1173427
1173428
1173429
1173430
1173465
1173473
1173492
1173493
1173494
1173495
1173538
1173596
1173837
1173883
1174168
1174217
1174218
1174219
1174239
1174283
1174285
1174292
1174334
1174337
1174340
1174342
1174343
1174344
1174345
1174346
1174347
1174348
1174349
1174350
1174353
1174355
1174356
1174390
1174403
1174404
1174405
1174406
1174407
1174408
1174409
1174410
1174411
1174412
1174413
1174414
1174415
1174416
1174417
1174418
1174419
1174420
1174421
1174422
1174423
1174424
1174425
1174426
1174427
1174428
1174429
1174430
1174431
1174432
1174433
1174434
1174435
1174436
1174437
1174438
1174439
1174440
1174441
1174442
1174533
1174676
1174677
1174678
1174679
1174680
1174681
1174682
1174683
1174684
1174704
1174705
1174706
1174707
1174708
1174712
1174713
1174730
1174731
1174732
1174733
1174734
1174739
1174742
1174744
1174745
1174746
1174747
1174792
1174811
1174812
1174813
1174814
1174821
1174834
1174843
1174846
1174850
1174855
1174862
1174863
1174864
1174865
1174867
1174869
1174893
1174895
1174896
1174897
1174899
1174901
1174902
1174903
1174904
1174906
1174910
1174911
1174912
1174926
1174927
1174928
1174930
1174931
1174933
1174934
1174935
1174936
1174937
1174938
1174948
1174949
1174950
1174951
1174953
1174967
1174970
1174971
1174973
1174980
1174981
1174982
1174985
1174989
1174992
1174993
1174995
1174997
1174999
1175001
1175002
1175004
1175011
1175015
1175016
1175017
1175022
1175031
1175034
1175035
1175038
1175039
1175041
1175042
1175044
1175048
1175050
1175051
1175052
1175055
1175057
1175058
1175061
1175062
1175063
1175064
1175065
1175066
1175067
1175069
1175070
1175071
1175082
1175093
1175678
1175686
1175687
1175701
1175712
1175713
1175714
1175719
1175722
1175725
1175732
1175733
1175734
1175738
1175744
1175745
1175748
1175767
1175788
1175802
1175808
1175809
1175810
1175814
1175819
1175836
1175891
1175907
1175911
1176167
1176184
1176213
1176214
1176217
1176218
1176219
1176220
1176221
1176222
1176223
1176270
1176271
1176272
1176300
1176319
1176401
1176402
1176403
1176404
1176405
1176406
1176407
1176408
1176409
1176410
1176411
1176412
1176413
1176414
1176415
1176416
1176417
1176418
1176419
1176420
1176451
1176453
1176455
1176902
1176914
1176951
1176968
1176969
1176971
1177024
1177029
1177166
1177179
1177191
1177220
1177222
1177269
1177272
1177291
1177292
1177293
1177326
1177379
1177407
