1119882
1149142
1149497
1164508
1171885
1171913
1171922
1171923
1171924
1171925
1171926
1171927
1171928
1171929
1171930
1171931
1171932
1171933
1171934
1171935
1171936
1171937
1171938
1171939
1171940
1171941
1171942
1171943
1171944
1171945
1171946
1171947
1171948
1171949
1171950
1171951
1171952
1171953
1171954
1171955
1171956
1171957
1171958
1171959
1171960
1171961
1171962
1171963
1171964
1171965
1171966
1171967
1171968
1171969
1171970
1171971
1171972
1171973
1171974
1171975
1171976
1171977
1171978
1171979
1171980
1171981
1171982
1171983
1171984
1171985
1171986
1171987
1171988
1171989
1171990
1171991
1171992
1171993
1171994
1171995
1171996
1171997
1171998
1171999
1172000
1172001
1172002
1172003
1172004
1172005
1172006
1172007
1172008
1172009
1172010
1172011
1172012
1172013
1172014
1172015
1172016
1172017
1172018
1172019
1172020
1172021
1172022
1172023
1172024
1172025
1172026
1172027
1172028
1172029
1172030
1172031
1172032
1172033
1172034
1172035
1172036
1172037
1172038
1172039
1172040
1172041
1172042
1172043
1172044
1172045
1172046
1172047
1172048
1172049
1172050
1172051
1172052
1172053
1172054
1172055
1172056
1172057
1172058
1172059
1172060
1172061
1172062
1172063
1172064
1172065
1172066
1172067
1172068
1172069
1172070
1172071
1172072
1172073
1172074
1172075
1172076
1172077
1172078
1172079
1172080
1172081
1172082
1172083
1172084
1172085
1172086
1172087
1172088
1172089
1172090
1172091
1172092
1172093
1172094
1172095
1172096
1172097
1172098
1172099
1172100
1172101
1172102
1172103
1172104
1172105
1172106
1172107
1172108
1172109
1172110
1172111
1172112
1172113
1172114
1172115
1172116
1172117
1172118
1172119
1172120
1172121
1172122
1172123
1172124
1172125
1172126
1172127
1172128
1172129
1172130
1172131
1172132
1172133
1172134
1172135
1172136
1172137
1172138
1172139
1172140
1172141
1172142
1172143
1172144
1172145
1172146
1172147
1172148
1172149
1172150
1172151
1172152
1172153
1172154
1172155
1172156
1172157
1172158
1172159
1172160
1172161
1172162
1172163
1172164
1172165
1172166
1172167
1172168
1172169
1172170
1172171
1172172
1172173
1172174
1172175
1172176
1172177
1172178
1172179
1172180
1172181
1172182
1172183
1172184
1172185
1172186
1172187
1172188
1172189
1172190
1172191
1172192
1172193
1172194
1172195
1172196
1172197
1172198
1172199
1172200
1172201
1172202
1172203
1172204
1172205
1172206
1172207
1172208
1172209
1172210
1172211
1175727
1176225
1180319
1180320
1180416
1180788
1180925
1181199
1181424
1181592
1182592
1182602
1182788
1188541
1188562
1188589
1188602
1188692
1188694
1188697
