1004711
1006251
1006601
1096950
1097072
1097076
1097585
1097672
1117938
1118677
1118678
1118679
1118680
1118681
1118682
1118683
1118742
1119184
1120702
1120703
1120704
1120705
1120706
1120707
1120708
1120709
1120710
1120711
1120712
1120713
1120783
1120784
1120785
1120786
1122577
1122634
1122658
1123667
1123668
1125000
1127842
1127853
1127903
1133450
1133627
1133628
1133629
1133630
1133631
1133632
1133633
1133634
1133635
1133636
1133637
1133638
1133639
1133640
1133641
1133642
1133643
1133644
1133645
1134516
1134693
1134780
1138733
1139853
1144713
1144747
1145497
1145525
1145526
1145981
1146322
1146324
1149001
1152731
1152732
1152733
1152734
1152739
1152740
1152741
1152742
1152743
1152744
1152745
1152746
1152751
1152752
1152753
1152754
1152755
1152756
1152757
1152758
1152759
1152760
1152761
1152762
1153912
1153946
1155982
1157144
1157285
1157415
1157416
1157417
1157418
1157419
1157420
1162341
1164119
1165299
1165300
1165301
1170780
1170941
1171835
1181841
1181842
