1006244
1006461
1006972
1025305
1025319
1025326
1025333
1087241
1087248
1087255
1087262
1087269
1087276
1087283
1087290
1087297
1087304
1087311
1087318
1087325
1087332
1087339
1087346
1087353
1087360
1087367
1087374
1087381
1087388
1087395
1087402
1087409
1087416
1087423
1087430
1087437
1087444
1087451
1087458
1087465
1087472
1087479
1087486
1087493
1087500
1087507
1087514
1087521
1087528
1087535
1087542
1087549
1087556
1087563
1087570
1087577
1087584
1087591
1087598
1087605
1087612
1087619
1087626
1087633
1087640
1087647
1087654
1087661
1087668
1087675
1087682
1087689
1087696
1087703
1087710
1087717
1087724
1087731
1087738
1087745
1087752
1087759
1087766
1087773
1087780
1087787
1087794
1087801
1087808
1087815
1087822
1087829
1087836
1087843
1087850
1087857
1087864
1087871
1087878
1087885
1087892
1087899
1087906
1087913
1087920
1087927
1087934
1087941
1087948
1087955
1087962
1087969
1087976
1087983
1087990
1087997
1088004
1088011
1088018
1088025
1088032
1088039
1088046
1088053
1088060
1088067
1088074
1088081
1088088
1088095
1088102
1088109
1088116
1088123
1088130
1088137
1088144
1088151
1088158
1088165
1088172
1088179
1088186
1088193
1088200
1088207
1088214
1088221
1088228
1088235
1088242
1088249
1088256
1088263
1088270
1088277
1088284
1088291
1088298
1088305
1088312
1088319
1088326
1088333
1088340
1088347
1088354
1088361
1088368
1088375
1088382
1088389
1088396
1088403
1088410
1088417
1088424
1088431
1088438
1088445
1088452
1088459
1088466
1088473
1088480
1088487
1088494
1088501
1088508
1088515
1088522
1088529
1088536
1088543
1088550
1088557
1088564
1088571
1088578
1088585
1088592
1088599
1088606
1088613
1088620
1088627
1088634
1088641
1088648
1088655
1088662
1088669
1088676
1088683
1088690
1088697
1088704
1088711
1088718
1088725
1088732
1088739
1088746
1088753
1088760
1088767
1088774
1088781
1088788
1088795
1088802
1088809
1088816
1088823
1088830
1088837
1088844
1088851
1088858
1088865
1088872
1088879
1088886
1088893
1088900
1088907
1088914
1088921
1088928
1088935
1088942
1088949
1088956
1088963
1088970
1088977
1088984
1088991
1088998
1089005
1089012
1089019
1089026
1089033
1089040
1089047
1089054
1089061
1089068
1089075
1089082
1089089
1089096
1089103
1089110
1089117
1089124
1089131
1089138
1089145
1089152
1089159
1089166
1089173
1089180
1089187
1089194
1089201
1089208
1089215
1089222
1089229
1089236
1089243
1089250
1089257
1089264
1089271
1089278
1089285
1089292
1089299
1089306
1089313
1089320
1089327
1089334
1089341
1089348
1089355
1089362
1089369
1089376
1089383
1089390
1089397
1089404
1089411
1089418
1089425
1089432
1089439
1089446
1089453
1089460
1089467
1089474
1089481
1089488
1089495
1089502
1089509
1089516
1089523
1089530
1089537
1089544
1089551
1089558
1089565
1089572
1089579
1089586
1089593
1089600
1089607
1089614
1089621
1089628
1089635
1089642
1089649
1089656
1089663
1089670
1089677
1089684
1089691
1089698
1089705
1089712
1089719
1089726
1089733
1089740
1089747
1089754
1089761
1089768
1089775
1089782
1089789
1089796
1089803
1089810
1089817
1089824
1089831
1089838
1089845
1089852
1089859
1089866
1089873
1089880
1089887
1089894
1089901
1089908
1089915
1089922
1089929
1089936
1089943
1089950
1089957
1089964
1089971
1089978
1089985
1090279
1090286
1090293
1090300
1090307
1091623
1095451
1121449
1122177
1122516
1135278
1147149
1147518
1147604
1154002
1156514
1170798
