1026313
1026320
1026327
1040733
1084777
1091553
1092449
1095311
1096875
1096887
1096932
1096945
1097896
1098977
1098990
1099144
1109624
1119355
1119429
1120373
1120374
1120375
1120788
1120956
1120957
1120958
1120959
1120960
1120961
1120962
1120963
1120964
1120965
1120966
1120967
1122567
1123951
1133444
1133457
1134427
1134935
1138112
1138185
1138186
1138193
1138206
1138244
1138543
1138544
1141431
1145595
1146321
1149685
1150491
1151204
1152598
1153994
1154200
1157146
1163845
1175032
1175674
1177303
1178334
1178480
1178577
