1096882
1174602
1174603
1174604
1174605
1174606
1136936
1116494
1099401
1118392
1118393
1118394
1118395
1118396
1118397
1118398
1118399
1118400
1118401
1118402
1118403
1118404
1118405
1118406
1118407
1118408
1118409
1118576
1118586
1118587
1118606
1118607
1118608
1118609
1118610
1118611
1118612
1118613
1118614
1119187
1121062
1121872
1122554
1123606
1130238
1130265
1130266
1130267
1130268
1130269
1130270
1132470
1132471
1132472
1132473
1132474
1132475
1132476
1132477
1132478
1132479
1132480
1132481
1132482
1132483
1132484
1132485
1134117
1134118
1141324
1147539
1150417
1150418
1150641
1150642
1150643
1152151
1152152
1152426
1152427
1152428
1152429
1152430
1152671
1152672
1152673
1152674
1152675
1152676
1152677
1152678
1152679
1152680
1152681
1152682
1152683
1152684
1152685
1152686
1152687
1152688
1152690
1152691
1152692
1152693
1152694
1152695
1152769
1152770
1152771
1152772
1152773
1152774
1152776
1152777
1152779
1152780
1152871
1152872
1152873
1152875
1152876
1152878
1152879
1152880
1152881
1152882
1152883
1152884
1152885
1152886
1152887
1152888
1152889
1152890
1152891
1152892
1152893
1152894
1152896
1153151
1153152
1153153
1153154
1153832
1153833
1153834
1153835
1153836
1153837
1153838
1153839
1153840
1153841
1153842
1153843
1155923
1155924
1160309
1171105
1171108
1171112
1171114
1171115
1171117
1171118
1171119
1171121
1171123
1171125
1171126
1171127
1171128
1171129
1171130
1171131
1171133
1171134
1171139
1171185
1175915
1183457
1188858
